total_saved,gc_saved,trie_atten_saved,time_took
1719,472,1247,"[1751553344.6841683, 1751553345.2384534, 1751553345.278524, 1751553345.4475195, 1751553345.5421276, 1751553345.6347003, 1751553345.7247624, 1751553345.8146992, 1751553345.9057217, 1751553345.996219, 1751553346.0869389, 1751553346.179306, 1751553346.2703428, 1751553346.361047, 1751553346.4521656, 1751553346.5438576, 1751553346.6329265, 1751553346.7212582, 1751553346.8136525, 1751553346.907754, 1751553346.9980707, 1751553347.0892086, 1751553347.1806228, 1751553347.2717838, 1751553347.3645627, 1751553347.4551818, 1751553347.5459156, 1751553347.637024, 1751553347.7268, 1751553347.8189983, 1751553347.9087286, 1751553347.9995456, 1751553348.0906785, 1751553348.1819844, 1751553348.2736573, 1751553348.364, 1751553348.4552777, 1751553348.5450623, 1751553348.6344078, 1751553348.724874, 1751553348.8148289, 1751553348.9073691, 1751553349.000791, 1751553349.0966668, 1751553349.191365, 1751553349.282842, 1751553349.3769577, 1751553349.4675202, 1751553349.5628145, 1751553349.6616287, 1751553349.7575808, 1751553349.8545995, 1751553349.9520326, 1751553350.0465338, 1751553350.1401906, 1751553350.2385683, 1751553350.3503816, 1751553350.451533, 1751553350.5531247]"
1471,296,1175,"[1751553350.9707804, 1751553351.0799286, 1751553351.0805871, 1751553351.2846072, 1751553351.3713312, 1751553351.4629514, 1751553351.5514584, 1751553351.6389508, 1751553351.725744, 1751553351.8154945, 1751553351.9059474, 1751553351.9971945, 1751553352.0876148, 1751553352.1792645, 1751553352.2683806, 1751553352.3612983, 1751553352.4532256, 1751553352.544253, 1751553352.6352828, 1751553352.7269137, 1751553352.8177526, 1751553352.9096415, 1751553353.0007374, 1751553353.0913324, 1751553353.1818593, 1751553353.2724795, 1751553353.3639636, 1751553353.4563727, 1751553353.546052, 1751553353.6368296, 1751553353.7276363, 1751553353.8191497, 1751553353.909598, 1751553354.0014462, 1751553354.09099, 1751553354.1830807, 1751553354.273455]"
999,64,935,"[1751553354.6443868, 1751553354.7391696, 1751553354.7401123, 1751553354.9173667, 1751553355.0090735, 1751553355.1004176, 1751553355.1881163, 1751553355.273733]"
1607,400,1207,"[1751553355.6579728, 1751553355.7698166, 1751553355.7710078, 1751553355.9724586, 1751553356.0596282, 1751553356.152249, 1751553356.2409372, 1751553356.3333113, 1751553356.4244275, 1751553356.5168545, 1751553356.6065934, 1751553356.6983144, 1751553356.789343, 1751553356.88011, 1751553356.9682124, 1751553357.0594277, 1751553357.152479, 1751553357.244192, 1751553357.3342388, 1751553357.4258094, 1751553357.5168998, 1751553357.607395, 1751553357.699063, 1751553357.7908278, 1751553357.8809488, 1751553357.9728932, 1751553358.062708, 1751553358.1540294, 1751553358.244528, 1751553358.3354, 1751553358.4275672, 1751553358.5184555, 1751553358.6079388, 1751553358.6987426, 1751553358.7894018, 1751553358.8817167, 1751553358.9713886, 1751553359.0593007, 1751553359.1530166, 1751553359.2447994, 1751553359.3385582, 1751553359.4327695, 1751553359.5260441, 1751553359.619234, 1751553359.7131257, 1751553359.8097892, 1751553359.9041324, 1751553359.9991071, 1751553360.0947812, 1751553360.1916773]"
1567,376,1191,"[1751553360.6070411, 1751553360.7174115, 1751553360.718595, 1751553360.9194257, 1751553361.0078635, 1751553361.1015463, 1751553361.1900651, 1751553361.2771742, 1751553361.3641303, 1751553361.45505, 1751553361.544877, 1751553361.636027, 1751553361.7267497, 1751553361.8182032, 1751553361.9090095, 1751553361.9985561, 1751553362.0893226, 1751553362.1765568, 1751553362.264744, 1751553362.3536768, 1751553362.4425685, 1751553362.5346224, 1751553362.6253946, 1751553362.7154353, 1751553362.807189, 1751553362.8994083, 1751553362.9882667, 1751553363.0805795, 1751553363.1707237, 1751553363.262249, 1751553363.3541377, 1751553363.4446528, 1751553363.5350745, 1751553363.626529, 1751553363.716289, 1751553363.8091643, 1751553363.8974435, 1751553363.9891036, 1751553364.0795655, 1751553364.171197, 1751553364.2633095, 1751553364.3556535, 1751553364.4501543, 1751553364.5440822, 1751553364.6342888, 1751553364.7274582, 1751553364.8225632]"
1471,480,991,"[1751553365.202379, 1751553365.299514, 1751553365.3005166, 1751553365.4799283, 1751553365.5692642, 1751553365.6606302, 1751553365.7645323, 1751553365.8544981, 1751553365.9464157, 1751553366.0369747, 1751553366.1277983, 1751553366.2170603, 1751553366.309481, 1751553366.4010623, 1751553366.4916818, 1751553366.5832224, 1751553366.673866, 1751553366.7629561, 1751553366.8549013, 1751553366.944763, 1751553367.035833, 1751553367.127255, 1751553367.2209253, 1751553367.3103955, 1751553367.4018383, 1751553367.4935858, 1751553367.5816805, 1751553367.6734653, 1751553367.7646961, 1751553367.8551395, 1751553367.9470015, 1751553368.0370357, 1751553368.1280434, 1751553368.221206, 1751553368.3110452, 1751553368.4035916, 1751553368.4943135, 1751553368.5835118, 1751553368.675006, 1751553368.7661293, 1751553368.8584337, 1751553368.9520547, 1751553369.0463011, 1751553369.139968, 1751553369.2346306, 1751553369.3306532, 1751553369.422637, 1751553369.517709, 1751553369.611389, 1751553369.7053962, 1751553369.8011868, 1751553369.8959754, 1751553369.9970229, 1751553370.0922325, 1751553370.188868, 1751553370.2864344, 1751553370.3823402, 1751553370.4813507, 1751553370.5806978, 1751553370.6792696]"
1919,768,1151,"[1751553371.0629559, 1751553371.1739283, 1751553371.1747365, 1751553371.3785634, 1751553371.4709477, 1751553371.564233, 1751553371.6552372, 1751553371.745338, 1751553371.8348713, 1751553371.9268122, 1751553372.015766, 1751553372.1040943, 1751553372.1927357, 1751553372.2809021, 1751553372.3712244, 1751553372.462258, 1751553372.5538082, 1751553372.6415777, 1751553372.7338443, 1751553372.82622, 1751553372.917235, 1751553373.0084426, 1751553373.0983024, 1751553373.1902099, 1751553373.2809253, 1751553373.3734024, 1751553373.4635267, 1751553373.55421, 1751553373.6449783, 1751553373.7359836, 1751553373.8299308, 1751553373.9217095, 1751553374.014918, 1751553374.1095548, 1751553374.201817, 1751553374.2949328, 1751553374.3892322, 1751553374.482823, 1751553374.5721657, 1751553374.6829436, 1751553374.777328, 1751553374.8697212, 1751553374.9653213, 1751553375.0610194, 1751553375.157155, 1751553375.2596037, 1751553375.3526733, 1751553375.445654, 1751553375.5417864, 1751553375.6362844, 1751553375.7345886, 1751553375.8309803, 1751553375.9271193, 1751553376.0246205, 1751553376.1194582, 1751553376.2205606, 1751553376.3214135, 1751553376.419214, 1751553376.5162957, 1751553376.6166856, 1751553376.715587, 1751553376.8171875, 1751553376.9181793, 1751553377.0201972, 1751553377.1210458, 1751553377.2155101, 1751553377.3140724, 1751553377.4133701, 1751553377.5160232, 1751553377.6156044, 1751553377.7120416, 1751553377.8091862, 1751553377.9091594, 1751553378.0099556, 1751553378.1123424, 1751553378.2112346, 1751553378.3130028, 1751553378.4150949, 1751553378.516414, 1751553378.6165729, 1751553378.7189867, 1751553378.8199172, 1751553378.9207962, 1751553379.0222132, 1751553379.1240234, 1751553379.2234206, 1751553379.324734, 1751553379.4242997, 1751553379.5261505, 1751553379.6269395, 1751553379.727587, 1751553379.828359, 1751553379.9296901, 1751553380.033877, 1751553380.1382544, 1751553380.242229]"
1303,304,999,"[1751553380.6666315, 1751553380.767426, 1751553380.7685733, 1751553380.9264038, 1751553381.0125055, 1751553381.0979776, 1751553381.1893435, 1751553381.281889, 1751553381.372243, 1751553381.4625807, 1751553381.5524073, 1751553381.642521, 1751553381.7333078, 1751553381.8249352, 1751553381.914533, 1751553382.0039623, 1751553382.0931423, 1751553382.2043104, 1751553382.2934372, 1751553382.3810906, 1751553382.4712677, 1751553382.5631359, 1751553382.6535208, 1751553382.7456234, 1751553382.8351378, 1751553382.9285421, 1751553383.0203352, 1751553383.1106691, 1751553383.1992111, 1751553383.290042, 1751553383.3812382, 1751553383.4718533, 1751553383.5660362, 1751553383.6608462, 1751553383.7534685, 1751553383.8457909, 1751553383.9352343, 1751553384.0258102]"
1559,424,1135,"[1751553384.4011388, 1751553384.5158577, 1751553384.5173686, 1751553384.7206268, 1751553384.8112895, 1751553384.902084, 1751553384.993859, 1751553385.0850506, 1751553385.1757655, 1751553385.266861, 1751553385.3566124, 1751553385.4470606, 1751553385.5365098, 1751553385.628151, 1751553385.7201684, 1751553385.8119109, 1751553385.9024696, 1751553385.9932861, 1751553386.082688, 1751553386.1743617, 1751553386.2660658, 1751553386.3568225, 1751553386.4479685, 1751553386.5400558, 1751553386.6299813, 1751553386.7212641, 1751553386.8101912, 1751553386.8980389, 1751553386.9917476, 1751553387.0852697, 1751553387.176503, 1751553387.270336, 1751553387.3644495, 1751553387.457211, 1751553387.5469685, 1751553387.6394544, 1751553387.7308881, 1751553387.8224902, 1751553387.914584, 1751553388.0119174, 1751553388.1069381, 1751553388.2031295, 1751553388.29726, 1751553388.3904629, 1751553388.4865932, 1751553388.5820942, 1751553388.6777697, 1751553388.7734025, 1751553388.8702643, 1751553388.9667003, 1751553389.064786, 1751553389.1613572, 1751553389.2564185]"
1375,320,1055,"[1751553389.6465132, 1751553389.7513292, 1751553389.7522573, 1751553389.9618127, 1751553390.0520287, 1751553390.142528, 1751553390.2331622, 1751553390.3264983, 1751553390.4153945, 1751553390.503793, 1751553390.5936296, 1751553390.683706, 1751553390.7701452, 1751553390.859731, 1751553390.9507043, 1751553391.0421817, 1751553391.134251, 1751553391.2254944, 1751553391.316621, 1751553391.4075494, 1751553391.4980047, 1751553391.5889688, 1751553391.6796546, 1751553391.7705896, 1751553391.861168, 1751553391.9524512, 1751553392.043048, 1751553392.1334763, 1751553392.2231095, 1751553392.313779, 1751553392.405178, 1751553392.4936254, 1751553392.587078, 1751553392.677914, 1751553392.768544, 1751553392.8608816, 1751553392.9508204, 1751553393.0405748, 1751553393.1294909, 1751553393.221244]"
2879,1488,1391,"[1751553393.5929782, 1751553393.6968381, 1751553393.6977522, 1751553393.9448502, 1751553394.032111, 1751553394.1217988, 1751553394.2118552, 1751553394.3036652, 1751553394.3938746, 1751553394.4861872, 1751553394.5759223, 1751553394.666604, 1751553394.7585208, 1751553394.8489025, 1751553394.939832, 1751553395.029474, 1751553395.118586, 1751553395.2109928, 1751553395.303188, 1751553395.3915553, 1751553395.4836035, 1751553395.576361, 1751553395.669813, 1751553395.7642853, 1751553395.8565028, 1751553395.9500513, 1751553396.0399146, 1751553396.1279721, 1751553396.216283, 1751553396.306394, 1751553396.396965, 1751553396.4954476, 1751553396.607505, 1751553396.6993542, 1751553396.7899616, 1751553396.8821917, 1751553396.973791, 1751553397.066162, 1751553397.161393, 1751553397.2554164, 1751553397.3533263, 1751553397.4471927, 1751553397.543533, 1751553397.637624, 1751553397.7309012, 1751553397.824252, 1751553397.9151518, 1751553398.0061204, 1751553398.1009772, 1751553398.1961617, 1751553398.290293, 1751553398.3847113, 1751553398.482614, 1751553398.5781715, 1751553398.6768672, 1751553398.7746222, 1751553398.870507, 1751553398.970555, 1751553399.0715535, 1751553399.169556, 1751553399.2658174, 1751553399.365554, 1751553399.467019, 1751553399.5682235, 1751553399.6711473, 1751553399.7702456, 1751553399.8706522, 1751553399.9716115, 1751553400.0719726, 1751553400.1753306, 1751553400.2760105, 1751553400.377178, 1751553400.4774508, 1751553400.5788653, 1751553400.6805806, 1751553400.7755136, 1751553400.872305, 1751553400.9726276, 1751553401.0746887, 1751553401.1768057, 1751553401.2756822, 1751553401.3761754, 1751553401.4764433, 1751553401.579188, 1751553401.6817222, 1751553401.7812052, 1751553401.8821368, 1751553401.9816253, 1751553402.084206, 1751553402.184798, 1751553402.2854376, 1751553402.3870742, 1751553402.4879906, 1751553402.5905528, 1751553402.6912901, 1751553402.7943442, 1751553402.8998828, 1751553403.010832, 1751553403.113444, 1751553403.2142692, 1751553403.3150184, 1751553403.417305, 1751553403.5212033, 1751553403.6273696, 1751553403.7305586, 1751553403.834437, 1751553403.939714, 1751553404.0434158, 1751553404.1515334, 1751553404.2574298, 1751553404.3631954, 1751553404.4756095, 1751553404.5854547, 1751553404.6969616, 1751553404.8077645, 1751553404.914164, 1751553405.017721, 1751553405.1246226, 1751553405.2332423, 1751553405.3434536, 1751553405.4525852, 1751553405.5608878, 1751553405.6667817, 1751553405.7769654, 1751553405.8885128, 1751553406.0027258, 1751553406.1116593, 1751553406.2234716, 1751553406.3337326, 1751553406.4441595, 1751553406.556083, 1751553406.666487, 1751553406.777912, 1751553406.8888896, 1751553406.9995537, 1751553407.1121223, 1751553407.2234828, 1751553407.3366125, 1751553407.4470866, 1751553407.558083, 1751553407.6740623, 1751553407.7810733, 1751553407.8930676, 1751553408.0034049, 1751553408.1128786, 1751553408.2235034, 1751553408.3341208, 1751553408.4467237, 1751553408.5607986, 1751553408.6706126, 1751553408.7815404, 1751553408.8925154, 1751553409.0038366, 1751553409.1131, 1751553409.2302299, 1751553409.343937, 1751553409.4574943, 1751553409.5689108, 1751553409.6791875, 1751553409.7900314, 1751553409.901467, 1751553410.0149634, 1751553410.130668, 1751553410.2446144, 1751553410.3673851, 1751553410.4838076, 1751553410.5987785, 1751553410.7163665, 1751553410.8388572, 1751553410.9551163, 1751553411.0712364, 1751553411.1814983, 1751553411.2939699, 1751553411.4066405, 1751553411.5216148, 1751553411.6346867, 1751553411.7530212, 1751553411.8695664, 1751553411.9898465, 1751553412.106252, 1751553412.221195, 1751553412.3385513, 1751553412.4580975, 1751553412.573823, 1751553412.6900575, 1751553412.807437]"
1231,368,863,"[1751553413.2507381, 1751553413.343697, 1751553413.3448899, 1751553413.5237935, 1751553413.6106863, 1751553413.7024677, 1751553413.7944458, 1751553413.8847327, 1751553413.9757273, 1751553414.0675418, 1751553414.1582193, 1751553414.2488542, 1751553414.3405318, 1751553414.430738, 1751553414.5218277, 1751553414.6135447, 1751553414.7048306, 1751553414.7952497, 1751553414.8865201, 1751553414.9766717, 1751553415.067327, 1751553415.1597676, 1751553415.2483807, 1751553415.3380265, 1751553415.4311712, 1751553415.523587, 1751553415.6142118, 1751553415.705022, 1751553415.7952514, 1751553415.8864906, 1751553415.9781127, 1751553416.0690937, 1751553416.1582115, 1751553416.249265, 1751553416.3417375, 1751553416.4339721, 1751553416.5251515, 1751553416.615026, 1751553416.7056859, 1751553416.7972052, 1751553416.890512, 1751553416.9851475, 1751553417.0779064, 1751553417.1706986, 1751553417.2671812, 1751553417.363086]"
1367,296,1071,"[1751553417.745263, 1751553417.855815, 1751553417.857006, 1751553418.0631583, 1751553418.1487825, 1751553418.2374856, 1751553418.3301506, 1751553418.4224865, 1751553418.5121334, 1751553418.6033223, 1751553418.6937127, 1751553418.7845964, 1751553418.8761075, 1751553418.9670968, 1751553419.058419, 1751553419.1496205, 1751553419.2413902, 1751553419.3315551, 1751553419.4211044, 1751553419.5120437, 1751553419.6025872, 1751553419.694803, 1751553419.7853951, 1751553419.8772135, 1751553419.9675364, 1751553420.0591385, 1751553420.1468616, 1751553420.2389169, 1751553420.3306859, 1751553420.4217331, 1751553420.5130885, 1751553420.605192, 1751553420.694386, 1751553420.7844157, 1751553420.8749635, 1751553420.9675665, 1751553421.0576658]"
1103,288,815,"[1751553421.454173, 1751553421.546953, 1751553421.548127, 1751553421.7229276, 1751553421.8122256, 1751553421.9030979, 1751553421.9902442, 1751553422.0732002, 1751553422.165225, 1751553422.256966, 1751553422.348992, 1751553422.4400494, 1751553422.531081, 1751553422.6216855, 1751553422.7115285, 1751553422.801453, 1751553422.892624, 1751553422.9853425, 1751553423.0769315, 1751553423.1679013, 1751553423.2591, 1751553423.3505182, 1751553423.4406393, 1751553423.5328832, 1751553423.6239946, 1751553423.7150903, 1751553423.8052497, 1751553423.8965213, 1751553423.9871268, 1751553424.0783672, 1751553424.1695197, 1751553424.2603028, 1751553424.3504665, 1751553424.4427814, 1751553424.5336359, 1751553424.6246204]"
999,272,727,"[1751553424.9926157, 1751553425.0851328, 1751553425.0870833, 1751553425.2408419, 1751553425.329165, 1751553425.4196873, 1751553425.5069287, 1751553425.6005363, 1751553425.701705, 1751553425.7967348, 1751553425.885159, 1751553425.9771168, 1751553426.066355, 1751553426.1559374, 1751553426.2469597, 1751553426.3398528, 1751553426.4320023, 1751553426.5225525, 1751553426.6134307, 1751553426.705029, 1751553426.794749, 1751553426.8863018, 1751553426.9767742, 1751553427.0678, 1751553427.1578739, 1751553427.2504816, 1751553427.3388143, 1751553427.4292746, 1751553427.5217583, 1751553427.6125753, 1751553427.7190402, 1751553427.812433, 1751553427.9056947, 1751553427.9998462]"
999,200,799,"[1751553428.366841, 1751553428.457497, 1751553428.4594486, 1751553428.648071, 1751553428.735307, 1751553428.8250062, 1751553428.9156868, 1751553429.007306, 1751553429.0972693, 1751553429.189479, 1751553429.282288, 1751553429.3715975, 1751553429.460039, 1751553429.551347, 1751553429.6422052, 1751553429.7342522, 1751553429.8241012, 1751553429.915, 1751553430.004704, 1751553430.095416, 1751553430.1873775, 1751553430.2794416, 1751553430.3697083, 1751553430.4608698, 1751553430.5515664]"
983,168,815,"[1751553430.914064, 1751553431.0031428, 1751553431.004064, 1751553431.1777327, 1751553431.266747, 1751553431.358995, 1751553431.4492247, 1751553431.5398922, 1751553431.6317117, 1751553431.722254, 1751553431.8139274, 1751553431.9038525, 1751553431.994132, 1751553432.084975, 1751553432.1759925, 1751553432.2665706, 1751553432.3581178, 1751553432.4496214, 1751553432.540149, 1751553432.6307075, 1751553432.7218382]"
2039,448,1591,"[1751553433.0905693, 1751553433.2152236, 1751553433.2164068, 1751553433.470704, 1751553433.5569367, 1751553433.6453416, 1751553433.733344, 1751553433.821042, 1751553433.9106684, 1751553434.001958, 1751553434.0907915, 1751553434.1827, 1751553434.2743874, 1751553434.3653858, 1751553434.4568915, 1751553434.5475008, 1751553434.6391551, 1751553434.7303166, 1751553434.820483, 1751553434.9122765, 1751553435.002584, 1751553435.0942836, 1751553435.1820123, 1751553435.2738304, 1751553435.3661075, 1751553435.458359, 1751553435.5478847, 1751553435.638698, 1751553435.7290862, 1751553435.8203888, 1751553435.9118469, 1751553436.0023549, 1751553436.0931425, 1751553436.184962, 1751553436.2762613, 1751553436.3687003, 1751553436.4598212, 1751553436.551002, 1751553436.6478798, 1751553436.7424464, 1751553436.8345833, 1751553436.9273257, 1751553437.018948, 1751553437.1149075, 1751553437.2100608, 1751553437.3069925, 1751553437.4045143, 1751553437.4984787, 1751553437.591269, 1751553437.6853323, 1751553437.7803152, 1751553437.8730743, 1751553437.9707968, 1751553438.068205, 1751553438.1638231, 1751553438.2643979]"
1175,216,959,"[1751553438.6624217, 1751553438.762779, 1751553438.76395, 1751553438.910606, 1751553439.00095, 1751553439.0931008, 1751553439.1840396, 1751553439.275042, 1751553439.367473, 1751553439.458698, 1751553439.5483196, 1751553439.6386228, 1751553439.729508, 1751553439.820701, 1751553439.9122186, 1751553440.0033634, 1751553440.0948339, 1751553440.1891096, 1751553440.28347, 1751553440.380284, 1751553440.4685814, 1751553440.558953, 1751553440.6500537, 1751553440.7405064, 1751553440.8310714, 1751553440.9253042, 1751553441.0129738]"
1975,880,1095,"[1751553441.3708642, 1751553441.488317, 1751553441.4897418, 1751553441.6841662, 1751553441.7708254, 1751553441.8613696, 1751553441.9527097, 1751553442.0446048, 1751553442.1335995, 1751553442.2250173, 1751553442.315042, 1751553442.4059856, 1751553442.496692, 1751553442.5878465, 1751553442.6780083, 1751553442.7673333, 1751553442.8564034, 1751553442.942219, 1751553443.0327036, 1751553443.1243386, 1751553443.2153602, 1751553443.3068478, 1751553443.3970668, 1751553443.4879975, 1751553443.5781095, 1751553443.6699615, 1751553443.760691, 1751553443.8522577, 1751553443.942408, 1751553444.034316, 1751553444.124957, 1751553444.2155797, 1751553444.3088498, 1751553444.4006772, 1751553444.4947531, 1751553444.5902216, 1751553444.6821747, 1751553444.7768495, 1751553444.8715427, 1751553444.965521, 1751553445.0584807, 1751553445.1536946, 1751553445.2461424, 1751553445.3376245, 1751553445.4334717, 1751553445.526934, 1751553445.6220272, 1751553445.7140326, 1751553445.8081048, 1751553445.90428, 1751553446.000739, 1751553446.0998366, 1751553446.1959364, 1751553446.2926908, 1751553446.3925006, 1751553446.4941425, 1751553446.5901349, 1751553446.6868677, 1751553446.786519, 1751553446.8880565, 1751553446.9858153, 1751553447.0798492, 1751553447.175291, 1751553447.2709763, 1751553447.3714592, 1751553447.4730327, 1751553447.5750167, 1751553447.6758635, 1751553447.776356, 1751553447.8797872, 1751553447.9790258, 1751553448.0794523, 1751553448.1799567, 1751553448.2826245, 1751553448.3990164, 1751553448.4968407, 1751553448.5974402, 1751553448.6986132, 1751553448.7994747, 1751553448.9026337, 1751553449.0015376, 1751553449.1022453, 1751553449.2035809, 1751553449.307393, 1751553449.4069228, 1751553449.5067012, 1751553449.607213, 1751553449.708418, 1751553449.8092957, 1751553449.9112911, 1751553450.012384, 1751553450.11318, 1751553450.2143402, 1751553450.317416, 1751553450.4190528, 1751553450.524397, 1751553450.628183, 1751553450.73064, 1751553450.834747, 1751553450.9394407, 1751553451.0447862, 1751553451.1518896, 1751553451.2563367, 1751553451.3604, 1751553451.464417, 1751553451.5701225, 1751553451.6766655, 1751553451.7828486, 1751553451.8900938, 1751553451.9954395]"
2367,784,1583,"[1751553452.3947213, 1751553452.5150876, 1751553452.5162728, 1751553452.7822447, 1751553452.8700697, 1751553452.9597287, 1751553453.0500386, 1751553453.141662, 1751553453.2326155, 1751553453.324008, 1751553453.4152882, 1751553453.5049014, 1751553453.5969114, 1751553453.6882536, 1751553453.7770894, 1751553453.868341, 1751553453.9599833, 1751553454.0490887, 1751553454.1392314, 1751553454.2280586, 1751553454.3195224, 1751553454.4137006, 1751553454.505128, 1751553454.5970984, 1751553454.6872594, 1751553454.7783487, 1751553454.8671334, 1751553454.9563594, 1751553455.0502124, 1751553455.1420193, 1751553455.233788, 1751553455.3240259, 1751553455.4260693, 1751553455.5164156, 1751553455.6071389, 1751553455.7083912, 1751553455.8086188, 1751553455.9075696, 1751553456.0010972, 1751553456.0930858, 1751553456.18646, 1751553456.282054, 1751553456.3767095, 1751553456.472785, 1751553456.5683775, 1751553456.6664321, 1751553456.7655983, 1751553456.8629699, 1751553456.958415, 1751553457.0550382, 1751553457.1499348, 1751553457.2441483, 1751553457.3428857, 1751553457.4425445, 1751553457.5438726, 1751553457.6412065, 1751553457.737397, 1751553457.8375652, 1751553457.9341373, 1751553458.0314083, 1751553458.130425, 1751553458.2303693, 1751553458.326368, 1751553458.4254074, 1751553458.5259967, 1751553458.6252956, 1751553458.7276247, 1751553458.82772, 1751553458.926975, 1751553459.0235798, 1751553459.1215825, 1751553459.2219625, 1751553459.3225522, 1751553459.4240544, 1751553459.5260024, 1751553459.6256883, 1751553459.7265785, 1751553459.8288214, 1751553459.928863, 1751553460.0314474, 1751553460.1305099, 1751553460.2322445, 1751553460.3342242, 1751553460.4347038, 1751553460.537657, 1751553460.6378582, 1751553460.7383823, 1751553460.8386593, 1751553460.9398062, 1751553461.0421493, 1751553461.1432257, 1751553461.2443445, 1751553461.3458798, 1751553461.4480066, 1751553461.5548093, 1751553461.6589592, 1751553461.7598407, 1751553461.8608158]"
1583,344,1239,"[1751553462.2704084, 1751553462.3778098, 1751553462.3789992, 1751553462.5779228, 1751553462.6672614, 1751553462.7579696, 1751553462.8468642, 1751553462.9380653, 1751553463.028978, 1751553463.118998, 1751553463.210364, 1751553463.3018734, 1751553463.39317, 1751553463.4839554, 1751553463.5740058, 1751553463.665244, 1751553463.7560744, 1751553463.8481839, 1751553463.9379935, 1751553464.0295439, 1751553464.1207154, 1751553464.2247071, 1751553464.3134344, 1751553464.40468, 1751553464.495158, 1751553464.5869105, 1751553464.6770513, 1751553464.767057, 1751553464.8581657, 1751553464.9499476, 1751553465.04017, 1751553465.1313837, 1751553465.220051, 1751553465.3100653, 1751553465.4031143, 1751553465.4956417, 1751553465.5851274, 1751553465.676144, 1751553465.7671304, 1751553465.8587663, 1751553465.9490125, 1751553466.0372534, 1751553466.1297936]"
1271,288,983,"[1751553466.5049365, 1751553466.6026223, 1751553466.6038203, 1751553466.7567136, 1751553466.84653, 1751553466.9379208, 1751553467.0278962, 1751553467.1223593, 1751553467.2139802, 1751553467.3032937, 1751553467.3933544, 1751553467.4845223, 1751553467.5753176, 1751553467.6663616, 1751553467.7555783, 1751553467.8468108, 1751553467.9378939, 1751553468.025861, 1751553468.119136, 1751553468.2119038, 1751553468.3028455, 1751553468.3942425, 1751553468.4846075, 1751553468.5748425, 1751553468.665434, 1751553468.758243, 1751553468.8478086, 1751553468.9390998, 1751553469.0292528, 1751553469.1200228, 1751553469.2124171, 1751553469.3112457, 1751553469.4024255, 1751553469.495753, 1751553469.5854263, 1751553469.6780062]"
639,40,599,"[1751553470.0804305, 1751553470.167448, 1751553470.168347, 1751553470.3221014, 1751553470.4120448]"
975,304,671,"[1751553470.7381737, 1751553470.8269675, 1751553470.8295252, 1751553470.9688451, 1751553471.058328, 1751553471.1482291, 1751553471.2392843, 1751553471.3311923, 1751553471.4197757, 1751553471.5076132, 1751553471.5896368, 1751553471.6811438, 1751553471.775737, 1751553471.8662026, 1751553471.9566996, 1751553472.0473418, 1751553472.1384218, 1751553472.2280347, 1751553472.317115, 1751553472.4099565, 1751553472.5014644, 1751553472.5927305, 1751553472.6824274, 1751553472.7741528, 1751553472.8645115, 1751553472.9567554, 1751553473.0455368, 1751553473.1372564, 1751553473.2275276, 1751553473.3185968, 1751553473.4112895, 1751553473.500303, 1751553473.5916684, 1751553473.6809247, 1751553473.7708485, 1751553473.865338, 1751553473.9557483, 1751553474.046128]"
1783,520,1263,"[1751553474.420177, 1751553474.5274158, 1751553474.5285344, 1751553474.7216082, 1751553474.8129911, 1751553474.9045022, 1751553474.9937565, 1751553475.0847335, 1751553475.1753967, 1751553475.2668638, 1751553475.3579419, 1751553475.4485254, 1751553475.5400326, 1751553475.6307602, 1751553475.7207563, 1751553475.8120275, 1751553475.9035954, 1751553475.9944901, 1751553476.084598, 1751553476.1765988, 1751553476.2661364, 1751553476.3581817, 1751553476.4478755, 1751553476.5398684, 1751553476.6293156, 1751553476.7221053, 1751553476.812018, 1751553476.9033487, 1751553476.9943135, 1751553477.0857792, 1751553477.175546, 1751553477.2658086, 1751553477.356932, 1751553477.4484348, 1751553477.5391586, 1751553477.631492, 1751553477.7240422, 1751553477.8195384, 1751553477.9130182, 1751553478.0077019, 1751553478.103915, 1751553478.2000313, 1751553478.2952292, 1751553478.3881948, 1751553478.482285, 1751553478.5790336, 1751553478.6783025, 1751553478.7740035, 1751553478.8710034, 1751553478.967414, 1751553479.0617728, 1751553479.1560824, 1751553479.253954, 1751553479.3559372, 1751553479.4489486, 1751553479.5504174, 1751553479.643554, 1751553479.7405264, 1751553479.8404408, 1751553479.9383504, 1751553480.034321, 1751553480.1338162, 1751553480.235122, 1751553480.336684, 1751553480.438521]"
1199,272,927,"[1751553480.854631, 1751553480.949766, 1751553480.9509482, 1751553481.1173291, 1751553481.2074964, 1751553481.2986104, 1751553481.3892167, 1751553481.479746, 1751553481.5722198, 1751553481.664157, 1751553481.754967, 1751553481.8443022, 1751553481.936616, 1751553482.026939, 1751553482.1182685, 1751553482.2102113, 1751553482.3014982, 1751553482.3914409, 1751553482.4821322, 1751553482.5737975, 1751553482.6644306, 1751553482.7560728, 1751553482.8467937, 1751553482.9375982, 1751553483.0279183, 1751553483.119298, 1751553483.2094922, 1751553483.3009858, 1751553483.390661, 1751553483.4813843, 1751553483.5717368, 1751553483.6644602, 1751553483.7552574, 1751553483.8503177]"
783,144,639,"[1751553484.245099, 1751553484.3361897, 1751553484.3373854, 1751553484.48179, 1751553484.5702188, 1751553484.6590223, 1751553484.7457528, 1751553484.8366528, 1751553484.9268491, 1751553485.0181637, 1751553485.108652, 1751553485.200518, 1751553485.2924535, 1751553485.3827963, 1751553485.4724023, 1751553485.5636258, 1751553485.6561189, 1751553485.7577908]"
895,184,711,"[1751553486.1465242, 1751553486.239353, 1751553486.2413259, 1751553486.3868566, 1751553486.475387, 1751553486.5660827, 1751553486.6561203, 1751553486.7473826, 1751553486.8373625, 1751553486.9277482, 1751553487.018626, 1751553487.1110914, 1751553487.2031662, 1751553487.2932208, 1751553487.3840861, 1751553487.474792, 1751553487.5657876, 1751553487.6577141, 1751553487.749184, 1751553487.8400834, 1751553487.930922, 1751553488.02173, 1751553488.1144319]"
1247,296,951,"[1751553488.5028439, 1751553488.5968497, 1751553488.59866, 1751553488.771293, 1751553488.861239, 1751553488.9530632, 1751553489.053924, 1751553489.144142, 1751553489.2366412, 1751553489.327529, 1751553489.4157543, 1751553489.5058012, 1751553489.5986762, 1751553489.6902978, 1751553489.7802386, 1751553489.8705926, 1751553489.9646823, 1751553490.0558991, 1751553490.1465554, 1751553490.2369306, 1751553490.3285136, 1751553490.4177043, 1751553490.5079706, 1751553490.5985649, 1751553490.6915605, 1751553490.782519, 1751553490.8734639, 1751553490.964482, 1751553491.055904, 1751553491.1468003, 1751553491.2393086, 1751553491.329393, 1751553491.419617, 1751553491.511432, 1751553491.6048226, 1751553491.6973321, 1751553491.7925377]"
1327,168,1159,"[1751553492.1902025, 1751553492.2960875, 1751553492.2972956, 1751553492.507463, 1751553492.593184, 1751553492.6850219, 1751553492.7754695, 1751553492.8648417, 1751553492.9554918, 1751553493.0481248, 1751553493.1397612, 1751553493.231153, 1751553493.3228502, 1751553493.413419, 1751553493.5033743, 1751553493.5954554, 1751553493.6869211, 1751553493.7780752, 1751553493.8689668, 1751553493.960757, 1751553494.0521603]"
1399,352,1047,"[1751553494.4424543, 1751553494.5530593, 1751553494.5542607, 1751553494.7642243, 1751553494.8505666, 1751553494.9414184, 1751553495.0318992, 1751553495.1241322, 1751553495.2152581, 1751553495.300699, 1751553495.3859074, 1751553495.4778361, 1751553495.5700643, 1751553495.6617136, 1751553495.7517958, 1751553495.8436394, 1751553495.9350262, 1751553496.0259526, 1751553496.1153781, 1751553496.2254286, 1751553496.318536, 1751553496.4106946, 1751553496.501346, 1751553496.5934367, 1751553496.684657, 1751553496.776547, 1751553496.8655918, 1751553496.9573104, 1751553497.0483308, 1751553497.1415832, 1751553497.2306805, 1751553497.3212156, 1751553497.4145641, 1751553497.5070715, 1751553497.6015167, 1751553497.6960003, 1751553497.7869365, 1751553497.8781412, 1751553497.9683852, 1751553498.0625842, 1751553498.1589115, 1751553498.2536204, 1751553498.3518193, 1751553498.4493551]"
4887,2560,2327,"[1751553498.8217416, 1751553498.9191926, 1751553498.9203806, 1751553499.2963011, 1751553499.382773, 1751553499.4752724, 1751553499.5653548, 1751553499.6581678, 1751553499.7490664, 1751553499.840565, 1751553499.930815, 1751553500.0226378, 1751553500.1148975, 1751553500.2059984, 1751553500.3049521, 1751553500.3980825, 1751553500.5031896, 1751553500.5908918, 1751553500.6797364, 1751553500.7714267, 1751553500.8630881, 1751553500.9539752, 1751553501.0444965, 1751553501.1331944, 1751553501.2239785, 1751553501.3178387, 1751553501.4066951, 1751553501.4983387, 1751553501.5907779, 1751553501.682566, 1751553501.7732375, 1751553501.865302, 1751553501.955983, 1751553502.0476062, 1751553502.1383467, 1751553502.2298975, 1751553502.3181703, 1751553502.4115958, 1751553502.502178, 1751553502.5946243, 1751553502.6879463, 1751553502.783675, 1751553502.8784513, 1751553502.9724085, 1751553503.0666037, 1751553503.1623113, 1751553503.259941, 1751553503.3563728, 1751553503.4521325, 1751553503.548763, 1751553503.646111, 1751553503.745614, 1751553503.8441875, 1751553503.938682, 1751553504.0347664, 1751553504.1310647, 1751553504.230822, 1751553504.3293216, 1751553504.4249234, 1751553504.525134, 1751553504.621993, 1751553504.7216072, 1751553504.8209856, 1751553504.9177084, 1751553505.0163028, 1751553505.1158085, 1751553505.21619, 1751553505.3180768, 1751553505.4187863, 1751553505.521663, 1751553505.622443, 1751553505.723371, 1751553505.8254113, 1751553505.9261653, 1751553506.0289319, 1751553506.1276417, 1751553506.2273526, 1751553506.3310304, 1751553506.432211, 1751553506.535223, 1751553506.6362498, 1751553506.7375493, 1751553506.8377798, 1751553506.9393735, 1751553507.0405648, 1751553507.1415732, 1751553507.2435853, 1751553507.3451073, 1751553507.446585, 1751553507.5478232, 1751553507.6488035, 1751553507.749733, 1751553507.8510225, 1751553507.9552898, 1751553508.0546737, 1751553508.1563528, 1751553508.259118, 1751553508.3615975, 1751553508.4688973, 1751553508.5719295, 1751553508.6756818, 1751553508.7813585, 1751553508.8851004, 1751553508.990869, 1751553509.0959032, 1751553509.1998224, 1751553509.301537, 1751553509.409133, 1751553509.5108638, 1751553509.6151915, 1751553509.7214193, 1751553509.8288925, 1751553509.93675, 1751553510.0463989, 1751553510.1571548, 1751553510.2647207, 1751553510.369664, 1751553510.4769933, 1751553510.5793884, 1751553510.684792, 1751553510.8140028, 1751553510.925188, 1751553511.0360763, 1751553511.1457405, 1751553511.2505958, 1751553511.3594453, 1751553511.4663227, 1751553511.5784957, 1751553511.6878018, 1751553511.7988129, 1751553511.909667, 1751553512.0210724, 1751553512.1334295, 1751553512.2448812, 1751553512.3551757, 1751553512.467248, 1751553512.5779023, 1751553512.6895308, 1751553512.8004408, 1751553512.9114568, 1751553513.0236096, 1751553513.1422594, 1751553513.2554514, 1751553513.3680267, 1751553513.4792786, 1751553513.5903466, 1751553513.7013724, 1751553513.813326, 1751553513.924522, 1751553514.035904, 1751553514.1463592, 1751553514.2574613, 1751553514.3701525, 1751553514.4801967, 1751553514.5914788, 1751553514.7102811, 1751553514.8237622, 1751553514.9366693, 1751553515.0493426, 1751553515.1641278, 1751553515.2797763, 1751553515.3936543, 1751553515.5090249, 1751553515.6226728, 1751553515.7455173, 1751553515.8617992, 1751553515.9770007, 1751553516.0920036, 1751553516.206436, 1751553516.327912, 1751553516.4443, 1751553516.5621145, 1751553516.68157, 1751553516.8012016, 1751553516.9168303, 1751553517.0378196, 1751553517.1593442, 1751553517.2788584, 1751553517.3993013, 1751553517.5170956, 1751553517.63421, 1751553517.7537708, 1751553517.8685217, 1751553517.9902115, 1751553518.108915, 1751553518.2238789, 1751553518.344034, 1751553518.4647348, 1751553518.586729, 1751553518.7041504, 1751553518.821062, 1751553518.9409928, 1751553519.0618434, 1751553519.1831093, 1751553519.3047736, 1751553519.4266555, 1751553519.5478551, 1751553519.6691937, 1751553519.792168, 1751553519.9132674, 1751553520.0358326, 1751553520.156754, 1751553520.2786908, 1751553520.4003615, 1751553520.5221357, 1751553520.6432815, 1751553520.763478, 1751553520.8843067, 1751553521.0210795, 1751553521.138715, 1751553521.261847, 1751553521.381061, 1751553521.5101988, 1751553521.63423, 1751553521.7548156, 1751553521.876726, 1751553521.997877, 1751553522.1194592, 1751553522.240841, 1751553522.362591, 1751553522.4850094, 1751553522.6062708, 1751553522.7284229, 1751553522.8513598, 1751553522.9771216, 1751553523.1028554, 1751553523.233191, 1751553523.3614352, 1751553523.4872832, 1751553523.6152368, 1751553523.7405403, 1751553523.8819838, 1751553524.009454, 1751553524.1383219, 1751553524.2653139, 1751553524.3911543, 1751553524.5190444, 1751553524.6459126, 1751553524.7728121, 1751553524.9010334, 1751553525.03211, 1751553525.1615558, 1751553525.2933943, 1751553525.4235284, 1751553525.5536208, 1751553525.6818492, 1751553525.8103416, 1751553525.9422483, 1751553526.074362, 1751553526.2058275, 1751553526.3373213, 1751553526.4688878, 1751553526.616074, 1751553526.7479305, 1751553526.8769286, 1751553527.0112696, 1751553527.1462462, 1751553527.2798574, 1751553527.412451, 1751553527.544225, 1751553527.6761374, 1751553527.8079238, 1751553527.9396996, 1751553528.071318, 1751553528.2032304, 1751553528.3353271, 1751553528.4700832, 1751553528.6060572, 1751553528.7386982, 1751553528.8750226, 1751553529.0114973, 1751553529.145217, 1751553529.2796183, 1751553529.4169817, 1751553529.551585, 1751553529.6884615, 1751553529.823987, 1751553529.9608116, 1751553530.0971694, 1751553530.234013, 1751553530.3704162, 1751553530.5085454, 1751553530.645032, 1751553530.78404, 1751553530.922713, 1751553531.061413, 1751553531.208347, 1751553531.347544, 1751553531.4879677, 1751553531.6269197, 1751553531.7657135, 1751553531.9055686, 1751553532.0461388, 1751553532.187056, 1751553532.3274176, 1751553532.4676037, 1751553532.6074462, 1751553532.7512918, 1751553532.8933892, 1751553533.0342917, 1751553533.1749716, 1751553533.3162053, 1751553533.457555, 1751553533.5982833, 1751553533.7397602, 1751553533.882221, 1751553534.0263581, 1751553534.1717396, 1751553534.3161397, 1751553534.461609, 1751553534.6066542, 1751553534.7532568, 1751553534.8999548, 1751553535.046085, 1751553535.1931005, 1751553535.3399117, 1751553535.4871936, 1751553535.6343162, 1751553535.7811575, 1751553535.9290175]"
1839,384,1455,"[1751553536.4296355, 1751553536.5532267, 1751553536.554434, 1751553536.786801, 1751553536.8726408, 1751553536.9600055, 1751553537.0462058, 1751553537.136105, 1751553537.227003, 1751553537.318905, 1751553537.4096355, 1751553537.498346, 1751553537.587313, 1751553537.675499, 1751553537.7634995, 1751553537.8541641, 1751553537.9457624, 1751553538.0361762, 1751553538.1258733, 1751553538.2179964, 1751553538.3094308, 1751553538.4009867, 1751553538.4910483, 1751553538.582081, 1751553538.672885, 1751553538.764766, 1751553538.8543713, 1751553538.945669, 1751553539.0368826, 1751553539.127413, 1751553539.2200758, 1751553539.313033, 1751553539.405783, 1751553539.5008852, 1751553539.592273, 1751553539.6842024, 1751553539.772424, 1751553539.8648288, 1751553539.956233, 1751553540.04947, 1751553540.1466577, 1751553540.2401445, 1751553540.3346026, 1751553540.4292834, 1751553540.5250027, 1751553540.6187763, 1751553540.7115784, 1751553540.8087626]"
935,96,839,"[1751553541.2043552, 1751553541.2963057, 1751553541.2975132, 1751553541.4639382, 1751553541.5520904, 1751553541.6440473, 1751553541.7352235, 1751553541.8384984, 1751553541.9280832, 1751553542.019379, 1751553542.110636, 1751553542.2013662]"
959,48,911,"[1751553542.5927193, 1751553542.6893492, 1751553542.6905684, 1751553542.8543942, 1751553542.9474847, 1751553543.0368822]"
1231,344,887,"[1751553543.4057913, 1751553543.4983554, 1751553543.499549, 1751553543.6654525, 1751553543.7558281, 1751553543.8468094, 1751553543.9349797, 1751553544.024925, 1751553544.1189325, 1751553544.2123764, 1751553544.3026912, 1751553544.3931549, 1751553544.4842827, 1751553544.5751178, 1751553544.665707, 1751553544.756635, 1751553544.848488, 1751553544.939196, 1751553545.0296695, 1751553545.1208906, 1751553545.2110627, 1751553545.3027604, 1751553545.392667, 1751553545.484177, 1751553545.5739186, 1751553545.6699612, 1751553545.7681088, 1751553545.8577445, 1751553545.94695, 1751553546.0370834, 1751553546.1310868, 1751553546.2220378, 1751553546.3162682, 1751553546.410884, 1751553546.504739, 1751553546.597738, 1751553546.68874, 1751553546.7758045, 1751553546.8683486, 1751553546.9602711, 1751553547.0541813, 1751553547.1495304, 1751553547.2422137]"
1559,320,1239,"[1751553547.6315217, 1751553547.7429268, 1751553547.7442896, 1751553547.933078, 1751553548.0202713, 1751553548.1112993, 1751553548.199705, 1751553548.2921376, 1751553548.3825953, 1751553548.4741194, 1751553548.564575, 1751553548.6566133, 1751553548.7469943, 1751553548.8375695, 1751553548.9275906, 1751553549.0194848, 1751553549.109857, 1751553549.198864, 1751553549.2898684, 1751553549.381157, 1751553549.471418, 1751553549.5632958, 1751553549.6551378, 1751553549.7465405, 1751553549.8368673, 1751553549.9293242, 1751553550.0192537, 1751553550.110263, 1751553550.213674, 1751553550.3028748, 1751553550.393365, 1751553550.4829776, 1751553550.5739443, 1751553550.6688492, 1751553550.7613266, 1751553550.8537338, 1751553550.9460251, 1751553551.041371, 1751553551.1321964, 1751553551.2243168]"
2567,1048,1519,"[1751553551.6139205, 1751553551.732187, 1751553551.7331119, 1751553551.9422405, 1751553552.032287, 1751553552.1226242, 1751553552.2132633, 1751553552.30946, 1751553552.3939867, 1751553552.4864438, 1751553552.5769632, 1751553552.6656075, 1751553552.759597, 1751553552.8500295, 1751553552.9365509, 1751553553.023405, 1751553553.113296, 1751553553.2036238, 1751553553.2911968, 1751553553.3820288, 1751553553.4750042, 1751553553.5682707, 1751553553.6586893, 1751553553.7501009, 1751553553.8414648, 1751553553.93345, 1751553554.022485, 1751553554.1127863, 1751553554.204318, 1751553554.2948673, 1751553554.3843386, 1751553554.4761426, 1751553554.5672204, 1751553554.6604176, 1751553554.7513933, 1751553554.8435438, 1751553554.934703, 1751553555.0265, 1751553555.121763, 1751553555.2194014, 1751553555.315316, 1751553555.4086518, 1751553555.5002818, 1751553555.5897782, 1751553555.6821089, 1751553555.7802808, 1751553555.8744395, 1751553555.9717116, 1751553556.067714, 1751553556.1639445, 1751553556.2614992, 1751553556.3581715, 1751553556.456308, 1751553556.554274, 1751553556.6500463, 1751553556.748375, 1751553556.8462927, 1751553556.9409964, 1751553557.036837, 1751553557.135241, 1751553557.2340395, 1751553557.335123, 1751553557.4358418, 1751553557.5359008, 1751553557.6352482, 1751553557.7312844, 1751553557.830304, 1751553557.9319282, 1751553558.0321703, 1751553558.133434, 1751553558.2458818, 1751553558.3469634, 1751553558.4476838, 1751553558.5482068, 1751553558.6512032, 1751553558.7504056, 1751553558.8527505, 1751553558.953747, 1751553559.0550966, 1751553559.156555, 1751553559.2569704, 1751553559.3575282, 1751553559.457983, 1751553559.558589, 1751553559.660502, 1751553559.7600965, 1751553559.8621933, 1751553559.9637885, 1751553560.0644546, 1751553560.1660135, 1751553560.2702105, 1751553560.3715448, 1751553560.4727535, 1751553560.5786593, 1751553560.6802444, 1751553560.7819479, 1751553560.8841746, 1751553560.985201, 1751553561.0896385, 1751553561.1871622, 1751553561.2886841, 1751553561.3908634, 1751553561.4945679, 1751553561.5993178, 1751553561.7032664, 1751553561.8065917, 1751553561.9123936, 1751553562.0170465, 1751553562.123328, 1751553562.2287996, 1751553562.3359823, 1751553562.4415128, 1751553562.5493898, 1751553562.6583424, 1751553562.7615242, 1751553562.8658803, 1751553562.9733133, 1751553563.084522, 1751553563.1954193, 1751553563.3023562, 1751553563.409207, 1751553563.517552, 1751553563.62509, 1751553563.7280211, 1751553563.8422105, 1751553563.952872, 1751553564.0580888, 1751553564.1678705, 1751553564.2783499, 1751553564.3891952, 1751553564.500463]"
1975,944,1031,"[1751553564.9224, 1751553565.032983, 1751553565.0344455, 1751553565.2233639, 1751553565.3098123, 1751553565.3988998, 1751553565.4901419, 1751553565.5837607, 1751553565.6739786, 1751553565.7651541, 1751553565.8548794, 1751553565.9453576, 1751553566.0370305, 1751553566.1292412, 1751553566.2200325, 1751553566.3122876, 1751553566.4015002, 1751553566.4929905, 1751553566.5845187, 1751553566.6756592, 1751553566.7662015, 1751553566.857122, 1751553566.9475403, 1751553567.0392177, 1751553567.127083, 1751553567.2195873, 1751553567.3098907, 1751553567.3986008, 1751553567.492023, 1751553567.5838027, 1751553567.676169, 1751553567.765552, 1751553567.8555205, 1751553567.9476051, 1751553568.0381618, 1751553568.1286385, 1751553568.2200625, 1751553568.3116024, 1751553568.4022226, 1751553568.493912, 1751553568.5858812, 1751553568.6782725, 1751553568.7733378, 1751553568.8683352, 1751553568.96517, 1751553569.0607088, 1751553569.1570258, 1751553569.2530432, 1751553569.3487706, 1751553569.4474576, 1751553569.543484, 1751553569.6425004, 1751553569.7418277, 1751553569.8422596, 1751553569.9415698, 1751553570.037708, 1751553570.1326184, 1751553570.226419, 1751553570.3191557, 1751553570.4212203, 1751553570.5202777, 1751553570.621733, 1751553570.7222514, 1751553570.8218634, 1751553570.9152896, 1751553571.0144129, 1751553571.115806, 1751553571.217414, 1751553571.3184667, 1751553571.4217741, 1751553571.521496, 1751553571.6226418, 1751553571.7234178, 1751553571.825178, 1751553571.9276388, 1751553572.0277474, 1751553572.128749, 1751553572.230429, 1751553572.331358, 1751553572.432728, 1751553572.5323925, 1751553572.6346323, 1751553572.734125, 1751553572.8362098, 1751553572.9552379, 1751553573.057012, 1751553573.156991, 1751553573.255423, 1751553573.356147, 1751553573.4606977, 1751553573.5632098, 1751553573.6651323, 1751553573.7659895, 1751553573.8688433, 1751553573.967578, 1751553574.069343, 1751553574.1688461, 1751553574.2696376, 1751553574.3698924, 1751553574.4707103, 1751553574.5738924, 1751553574.6751685, 1751553574.7822745, 1751553574.8884194, 1751553574.9894018, 1751553575.0931919, 1751553575.1980422, 1751553575.3028405, 1751553575.4112759, 1751553575.5166795, 1751553575.6227903, 1751553575.7378979, 1751553575.8446984, 1751553575.956556, 1751553576.0667324, 1751553576.171918, 1751553576.281946, 1751553576.388559]"
2063,536,1527,"[1751553576.7798471, 1751553576.894905, 1751553576.8960984, 1751553577.12048, 1751553577.2113547, 1751553577.3020098, 1751553577.3916035, 1751553577.4822333, 1751553577.569849, 1751553577.6569977, 1751553577.745846, 1751553577.8372953, 1751553577.9288924, 1751553578.0199845, 1751553578.1112597, 1751553578.2047539, 1751553578.2930691, 1751553578.3827157, 1751553578.473876, 1751553578.5660567, 1751553578.6560059, 1751553578.7479627, 1751553578.8383152, 1751553578.9297948, 1751553579.0202308, 1751553579.1119864, 1751553579.2013743, 1751553579.2923534, 1751553579.3823667, 1751553579.4746027, 1751553579.5645506, 1751553579.6541965, 1751553579.745898, 1751553579.8360124, 1751553579.9251778, 1751553580.0202634, 1751553580.1103706, 1751553580.2009852, 1751553580.2911549, 1751553580.3881106, 1751553580.4838424, 1751553580.5731995, 1751553580.6618772, 1751553580.7552254, 1751553580.8452258, 1751553580.9384146, 1751553581.0333993, 1751553581.1296334, 1751553581.2239687, 1751553581.3199162, 1751553581.416258, 1751553581.5125856, 1751553581.6125107, 1751553581.71385, 1751553581.8137786, 1751553581.9167213, 1751553582.0161293, 1751553582.1161108, 1751553582.2116747, 1751553582.3115747, 1751553582.4100347, 1751553582.5087566, 1751553582.6046019, 1751553582.7011259, 1751553582.795671, 1751553582.8965232, 1751553582.9958584]"
1567,104,1463,"[1751553583.3868456, 1751553583.5217745, 1751553583.5229177, 1751553583.7373965, 1751553583.8270745, 1751553583.9180455, 1751553584.00837, 1751553584.0993514, 1751553584.1893525, 1751553584.2766795, 1751553584.3640015, 1751553584.4546342, 1751553584.5458655]"
1279,160,1119,"[1751553584.9351315, 1751553585.049095, 1751553585.0505612, 1751553585.2431767, 1751553585.3317685, 1751553585.423314, 1751553585.5134928, 1751553585.604313, 1751553585.693022, 1751553585.7812884, 1751553585.8672676, 1751553585.9581075, 1751553586.0490634, 1751553586.1393752, 1751553586.2304885, 1751553586.3213317, 1751553586.410961, 1751553586.5023792, 1751553586.5940123, 1751553586.6855547]"
1743,232,1511,"[1751553587.0661378, 1751553587.1926346, 1751553587.1938484, 1751553587.4153793, 1751553587.5042682, 1751553587.5951667, 1751553587.6843488, 1751553587.7754056, 1751553587.8621886, 1751553587.9505138, 1751553588.0385985, 1751553588.1261516, 1751553588.2164712, 1751553588.3093338, 1751553588.4009182, 1751553588.492493, 1751553588.5842564, 1751553588.6750996, 1751553588.76475, 1751553588.8565338, 1751553588.9470723, 1751553589.0391374, 1751553589.129359, 1751553589.2206795, 1751553589.3120272, 1751553589.4042265, 1751553589.4941669, 1751553589.5856001, 1751553589.6759424]"
1327,344,983,"[1751553590.0753365, 1751553590.1682906, 1751553590.1689181, 1751553590.3562887, 1751553590.4432957, 1751553590.5337956, 1751553590.620526, 1751553590.707933, 1751553590.7940562, 1751553590.8861783, 1751553590.9778137, 1751553591.0698183, 1751553591.159492, 1751553591.2514837, 1751553591.3404408, 1751553591.4330702, 1751553591.5250864, 1751553591.6123207, 1751553591.7001886, 1751553591.7851517, 1751553591.8772151, 1751553591.969064, 1751553592.0597706, 1751553592.1513612, 1751553592.2416914, 1751553592.3335633, 1751553592.4232671, 1751553592.5144212, 1751553592.6061125, 1751553592.696476, 1751553592.7881835, 1751553592.8786001, 1751553592.968912, 1751553593.0631728, 1751553593.1573277, 1751553593.252879, 1751553593.344613, 1751553593.4377198, 1751553593.531928, 1751553593.6254067, 1751553593.71954, 1751553593.832986, 1751553593.9275815]"
759,136,623,"[1751553594.3129518, 1751553594.4001832, 1751553594.4010532, 1751553594.5418017, 1751553594.6284606, 1751553594.7154326, 1751553594.8057928, 1751553594.8964992, 1751553594.9880576, 1751553595.0778708, 1751553595.1684892, 1751553595.2598467, 1751553595.3504696, 1751553595.4405544, 1751553595.5272906, 1751553595.6122215, 1751553595.7036798]"
2175,552,1623,"[1751553596.0763352, 1751553596.2164176, 1751553596.2179132, 1751553596.4569595, 1751553596.5444055, 1751553596.6349866, 1751553596.7251549, 1751553596.816372, 1751553596.9075058, 1751553596.9987433, 1751553597.0893037, 1751553597.180091, 1751553597.271317, 1751553597.3622668, 1751553597.4528, 1751553597.5433354, 1751553597.6353338, 1751553597.7252848, 1751553597.8160152, 1751553597.908072, 1751553597.9985344, 1751553598.0901403, 1751553598.1806684, 1751553598.2721515, 1751553598.3632605, 1751553598.45444, 1751553598.5431802, 1751553598.6356392, 1751553598.7261941, 1751553598.8171115, 1751553598.9090889, 1751553598.9994252, 1751553599.0899887, 1751553599.1810634, 1751553599.2708962, 1751553599.3627062, 1751553599.4538105, 1751553599.54946, 1751553599.64431, 1751553599.7375205, 1751553599.8328617, 1751553599.9275134, 1751553600.0226405, 1751553600.1175895, 1751553600.2112567, 1751553600.3062646, 1751553600.3999512, 1751553600.4963126, 1751553600.5916882, 1751553600.6861358, 1751553600.7814631, 1751553600.87522, 1751553600.970219, 1751553601.0672846, 1751553601.162472, 1751553601.259531, 1751553601.359606, 1751553601.4575927, 1751553601.5506248, 1751553601.6493273, 1751553601.745182, 1751553601.84473, 1751553601.9449093, 1751553602.0459008, 1751553602.147203, 1751553602.2500176, 1751553602.3494549, 1751553602.4502592, 1751553602.5507252]"
991,136,855,"[1751553602.9578779, 1751553603.0509098, 1751553603.0521007, 1751553603.2267606, 1751553603.317981, 1751553603.408253, 1751553603.499221, 1751553603.590622, 1751553603.682199, 1751553603.772936, 1751553603.8626614, 1751553603.9523687, 1751553604.0442674, 1751553604.1499646, 1751553604.2363083, 1751553604.325022, 1751553604.415099]"
895,72,823,"[1751553604.7936797, 1751553604.886117, 1751553604.8868709, 1751553605.0618854, 1751553605.1533468, 1751553605.2448792, 1751553605.3353179, 1751553605.4228013, 1751553605.5074627]"
1271,176,1095,"[1751553605.87377, 1751553605.9841022, 1751553605.985287, 1751553606.1783638, 1751553606.262841, 1751553606.3550367, 1751553606.4472325, 1751553606.538577, 1751553606.6278486, 1751553606.7203503, 1751553606.8109848, 1751553606.9023094, 1751553606.993747, 1751553607.0844595, 1751553607.1754487, 1751553607.26695, 1751553607.357478, 1751553607.4485712, 1751553607.5384727, 1751553607.629567, 1751553607.7210126, 1751553607.8118312]"
1303,328,975,"[1751553608.174359, 1751553608.2709508, 1751553608.2721202, 1751553608.4256544, 1751553608.5171397, 1751553608.6088915, 1751553608.6981895, 1751553608.7900763, 1751553608.8840117, 1751553608.9755294, 1751553609.0651972, 1751553609.157373, 1751553609.247738, 1751553609.338528, 1751553609.4292257, 1751553609.518874, 1751553609.6111965, 1751553609.7023864, 1751553609.7930524, 1751553609.8840811, 1751553609.9746063, 1751553610.0653045, 1751553610.157862, 1751553610.2475784, 1751553610.3373146, 1751553610.4281535, 1751553610.517859, 1751553610.610373, 1751553610.7012146, 1751553610.7926419, 1751553610.8830729, 1751553610.9738066, 1751553611.0652747, 1751553611.154936, 1751553611.245004, 1751553611.3390155, 1751553611.4295382, 1751553611.520251, 1751553611.6112075, 1751553611.701687, 1751553611.7938573]"
1463,232,1231,"[1751553612.144225, 1751553612.2520547, 1751553612.2534, 1751553612.442265, 1751553612.5304942, 1751553612.6225631, 1751553612.7112372, 1751553612.8026173, 1751553612.8931756, 1751553612.9858806, 1751553613.0760086, 1751553613.167658, 1751553613.258814, 1751553613.3493493, 1751553613.4401596, 1751553613.5306716, 1751553613.6221275, 1751553613.713466, 1751553613.802684, 1751553613.8943784, 1751553613.9861403, 1751553614.0759466, 1751553614.1668444, 1751553614.257468, 1751553614.3656054, 1751553614.457413, 1751553614.5490243, 1751553614.6416116, 1751553614.7324057]"
1047,160,887,"[1751553615.1140122, 1751553615.2033231, 1751553615.2043827, 1751553615.3757584, 1751553615.4680886, 1751553615.559739, 1751553615.6506832, 1751553615.7425346, 1751553615.8332617, 1751553615.9258304, 1751553616.0152066, 1751553616.1062026, 1751553616.1977816, 1751553616.288737, 1751553616.3791099, 1751553616.4708714, 1751553616.5624099, 1751553616.6530263, 1751553616.7438428, 1751553616.8355715]"
727,48,679,"[1751553617.2242136, 1751553617.3144038, 1751553617.3155563, 1751553617.458552, 1751553617.5454056, 1751553617.6333447]"
1583,208,1375,"[1751553618.0067704, 1751553618.113906, 1751553618.1150932, 1751553618.3389256, 1751553618.4255729, 1751553618.5125756, 1751553618.5957358, 1751553618.6836407, 1751553618.772754, 1751553618.8640316, 1751553618.9532776, 1751553619.0455327, 1751553619.1359894, 1751553619.2251024, 1751553619.3179948, 1751553619.409873, 1751553619.5014071, 1751553619.5913796, 1751553619.6823895, 1751553619.7734103, 1751553619.8642907, 1751553619.972898, 1751553620.0659347, 1751553620.1576998, 1751553620.2485137, 1751553620.3497956]"
927,256,671,"[1751553620.7167006, 1751553620.8064537, 1751553620.8077652, 1751553620.9528975, 1751553621.0428386, 1751553621.1312418, 1751553621.218108, 1751553621.308704, 1751553621.3983026, 1751553621.4908214, 1751553621.580476, 1751553621.6722481, 1751553621.764288, 1751553621.853045, 1751553621.9430203, 1751553622.034483, 1751553622.1249688, 1751553622.213678, 1751553622.301477, 1751553622.3890367, 1751553622.4793787, 1751553622.5708504, 1751553622.6615818, 1751553622.7526917, 1751553622.8438406, 1751553622.9355943, 1751553623.025569, 1751553623.1155558, 1751553623.2069557, 1751553623.297084, 1751553623.3882196, 1751553623.479894]"
1167,176,991,"[1751553623.8658376, 1751553623.9640596, 1751553623.965244, 1751553624.1234267, 1751553624.2143667, 1751553624.306247, 1751553624.396449, 1751553624.4885275, 1751553624.5810068, 1751553624.6704955, 1751553624.7602878, 1751553624.8515196, 1751553624.9401326, 1751553625.0317125, 1751553625.1241508, 1751553625.2162502, 1751553625.3071878, 1751553625.3982108, 1751553625.4878056, 1751553625.5783432, 1751553625.6684585, 1751553625.7607303]"
1151,200,951,"[1751553626.132174, 1751553626.2290776, 1751553626.2299662, 1751553626.4057565, 1751553626.4960742, 1751553626.5888314, 1751553626.6783402, 1751553626.7700374, 1751553626.8616521, 1751553626.9528418, 1751553627.0421836, 1751553627.134149, 1751553627.2242768, 1751553627.315425, 1751553627.4049554, 1751553627.4971712, 1751553627.5886645, 1751553627.6794393, 1751553627.7696342, 1751553627.8608916, 1751553627.9504504, 1751553628.0426538, 1751553628.1329029, 1751553628.225159, 1751553628.315309]"
1375,208,1167,"[1751553628.6963487, 1751553628.8058326, 1751553628.8070185, 1751553629.0128603, 1751553629.102158, 1751553629.19421, 1751553629.284224, 1751553629.3748941, 1751553629.464011, 1751553629.5560699, 1751553629.6465766, 1751553629.7378917, 1751553629.829358, 1751553629.9186265, 1751553630.0086844, 1751553630.0990834, 1751553630.1923935, 1751553630.284026, 1751553630.3740659, 1751553630.4655588, 1751553630.5556357, 1751553630.6472194, 1751553630.7375815, 1751553630.8286035, 1751553630.9178946, 1751553631.007876]"
1135,376,759,"[1751553631.3974557, 1751553631.4940224, 1751553631.4961295, 1751553631.6462893, 1751553631.735538, 1751553631.8264384, 1751553631.9164329, 1751553632.007761, 1751553632.098417, 1751553632.1913557, 1751553632.2802498, 1751553632.3726153, 1751553632.463024, 1751553632.5543728, 1751553632.644375, 1751553632.7355974, 1751553632.8252938, 1751553632.9168906, 1751553633.0069597, 1751553633.0948641, 1751553633.1878498, 1751553633.2806816, 1751553633.370723, 1751553633.4619505, 1751553633.5528693, 1751553633.6446962, 1751553633.732728, 1751553633.820874, 1751553633.9146023, 1751553634.0069573, 1751553634.0983603, 1751553634.188573, 1751553634.2792785, 1751553634.3698845, 1751553634.460744, 1751553634.5534034, 1751553634.6499052, 1751553634.7436757, 1751553634.8348668, 1751553634.9272366, 1751553635.0254877, 1751553635.1178064, 1751553635.2266288, 1751553635.319567, 1751553635.4117663, 1751553635.5061665, 1751553635.601161]"
1159,152,1007,"[1751553635.988961, 1751553636.0830462, 1751553636.0839803, 1751553636.2556007, 1751553636.3471599, 1751553636.4379702, 1751553636.5285559, 1751553636.6214015, 1751553636.711687, 1751553636.802294, 1751553636.8926408, 1751553636.9834511, 1751553637.0754101, 1751553637.166821, 1751553637.25738, 1751553637.3483815, 1751553637.4398654, 1751553637.5293205, 1751553637.6199074]"
1151,184,967,"[1751553637.9896493, 1751553638.0871909, 1751553638.087965, 1751553638.2473965, 1751553638.3343775, 1751553638.423732, 1751553638.5098517, 1751553638.6002445, 1751553638.691303, 1751553638.7824366, 1751553638.8719828, 1751553638.9634745, 1751553639.054619, 1751553639.1459057, 1751553639.236848, 1751553639.3276012, 1751553639.418085, 1751553639.5093803, 1751553639.6001618, 1751553639.691002, 1751553639.7822056, 1751553639.8727477, 1751553639.9638846]"
1327,208,1119,"[1751553640.3333118, 1751553640.4458787, 1751553640.4472816, 1751553640.660112, 1751553640.7493217, 1751553640.8397927, 1751553640.932314, 1751553641.0238264, 1751553641.1132731, 1751553641.203294, 1751553641.2901957, 1751553641.373962, 1751553641.4652426, 1751553641.5567718, 1751553641.6485424, 1751553641.7397609, 1751553641.8308651, 1751553641.9216187, 1751553642.0128355, 1751553642.1038916, 1751553642.1939547, 1751553642.2854009, 1751553642.3768082, 1751553642.4675238, 1751553642.5585418, 1751553642.650896]"
2103,656,1447,"[1751553643.0408754, 1751553643.1612792, 1751553643.1619163, 1751553643.3788261, 1751553643.4649885, 1751553643.5564027, 1751553643.6468084, 1751553643.7381637, 1751553643.8286023, 1751553643.920013, 1751553644.0101793, 1751553644.100611, 1751553644.190883, 1751553644.2819357, 1751553644.373634, 1751553644.4654014, 1751553644.5576005, 1751553644.6481442, 1751553644.7388504, 1751553644.8295844, 1751553644.9197643, 1751553645.012537, 1751553645.10391, 1751553645.1950111, 1751553645.2857325, 1751553645.377803, 1751553645.467151, 1751553645.5578952, 1751553645.6486783, 1751553645.7397726, 1751553645.8310068, 1751553645.9215312, 1751553646.0109391, 1751553646.1028445, 1751553646.2009785, 1751553646.2955828, 1751553646.3854375, 1751553646.47683, 1751553646.5677612, 1751553646.6594603, 1751553646.7512684, 1751553646.8476853, 1751553646.9412472, 1751553647.0329382, 1751553647.1237352, 1751553647.216649, 1751553647.3109975, 1751553647.4072812, 1751553647.5048544, 1751553647.6008484, 1751553647.698217, 1751553647.794868, 1751553647.8901443, 1751553647.9915872, 1751553648.0910265, 1751553648.1932135, 1751553648.2931187, 1751553648.3932743, 1751553648.5069895, 1751553648.6075575, 1751553648.7066813, 1751553648.8066, 1751553648.9008057, 1751553648.9974718, 1751553649.0955803, 1751553649.1943088, 1751553649.2948415, 1751553649.3968902, 1751553649.496391, 1751553649.5962017, 1751553649.6924877, 1751553649.7913654, 1751553649.8918197, 1751553649.9939847, 1751553650.0967948, 1751553650.1966352, 1751553650.3082824, 1751553650.4098191, 1751553650.5108554, 1751553650.6135666, 1751553650.7128239, 1751553650.8145583]"
1679,416,1263,"[1751553651.213494, 1751553651.3229034, 1751553651.3240874, 1751553651.5154977, 1751553651.6034396, 1751553651.693777, 1751553651.7830298, 1751553651.8741462, 1751553651.9647396, 1751553652.056199, 1751553652.1473308, 1751553652.2385938, 1751553652.3314457, 1751553652.4225273, 1751553652.5130365, 1751553652.6044164, 1751553652.6939697, 1751553652.7857163, 1751553652.876654, 1751553652.9681277, 1751553653.0592735, 1751553653.1513045, 1751553653.2419941, 1751553653.3325899, 1751553653.4240973, 1751553653.5163891, 1751553653.604519, 1751553653.6960576, 1751553653.7870007, 1751553653.8786364, 1751553653.9699368, 1751553654.0609288, 1751553654.1514215, 1751553654.2423897, 1751553654.3319976, 1751553654.4265823, 1751553654.5171425, 1751553654.608561, 1751553654.700672, 1751553654.7958276, 1751553654.890103, 1751553654.980791, 1751553655.0721226, 1751553655.163215, 1751553655.257195, 1751553655.3535616, 1751553655.4484034, 1751553655.5439522, 1751553655.6447222, 1751553655.741004, 1751553655.8381784, 1751553655.9522252]"
1103,192,911,"[1751553656.33929, 1751553656.43072, 1751553656.4318342, 1751553656.604771, 1751553656.6978388, 1751553656.7881863, 1751553656.8783002, 1751553656.968968, 1751553657.0606098, 1751553657.1543386, 1751553657.2417383, 1751553657.3328464, 1751553657.4244316, 1751553657.5151963, 1751553657.6065955, 1751553657.6968803, 1751553657.7891312, 1751553657.8801963, 1751553657.9698389, 1751553658.0621765, 1751553658.152712, 1751553658.2439208, 1751553658.3340688, 1751553658.4255455]"
1327,176,1151,"[1751553658.8094306, 1751553658.913407, 1751553658.9144, 1751553659.1134236, 1751553659.1962416, 1751553659.277696, 1751553659.3618171, 1751553659.4500864, 1751553659.5339441, 1751553659.6208487, 1751553659.7062716, 1751553659.797466, 1751553659.8893569, 1751553659.9802582, 1751553660.0699692, 1751553660.1573572, 1751553660.2461553, 1751553660.3284278, 1751553660.409561, 1751553660.4987147, 1751553660.5799074, 1751553660.6626194]"
2215,280,1935,"[1751553661.0309296, 1751553661.1565273, 1751553661.1579938, 1751553661.435326, 1751553661.52448, 1751553661.615315, 1751553661.7050931, 1751553661.7954645, 1751553661.886698, 1751553661.978015, 1751553662.0692477, 1751553662.160547, 1751553662.250009, 1751553662.3406618, 1751553662.428611, 1751553662.5212543, 1751553662.614173, 1751553662.7046394, 1751553662.7950163, 1751553662.8865864, 1751553662.977287, 1751553663.0685837, 1751553663.1593993, 1751553663.247154, 1751553663.3411486, 1751553663.4334779, 1751553663.5228155, 1751553663.61356, 1751553663.7045324, 1751553663.7960587, 1751553663.8876944, 1751553663.9779835, 1751553664.0688026, 1751553664.1596334, 1751553664.2513964]"
3247,496,2751,"[1751553664.6447303, 1751553664.7418268, 1751553664.7429662, 1751553665.191243, 1751553665.2793376, 1751553665.3651712, 1751553665.4501982, 1751553665.5412016, 1751553665.647239, 1751553665.7442455, 1751553665.8354127, 1751553665.9245496, 1751553666.0160398, 1751553666.1069114, 1751553666.2088432, 1751553666.298919, 1751553666.392356, 1751553666.4814274, 1751553666.5729856, 1751553666.6636083, 1751553666.7547681, 1751553666.8455162, 1751553666.936599, 1751553667.0279393, 1751553667.118789, 1751553667.2098203, 1751553667.2998612, 1751553667.3907552, 1751553667.4796405, 1751553667.5725105, 1751553667.6648593, 1751553667.756027, 1751553667.8514788, 1751553667.9456217, 1751553668.0369117, 1751553668.1283028, 1751553668.2187293, 1751553668.3066049, 1751553668.3978763, 1751553668.4873772, 1751553668.580683, 1751553668.7272189, 1751553668.8220491, 1751553668.9147732, 1751553669.0043013, 1751553669.096084, 1751553669.1889844, 1751553669.284302, 1751553669.3802774, 1751553669.4736638, 1751553669.5703666, 1751553669.667665, 1751553669.7635767, 1751553669.8620508, 1751553669.9609509, 1751553670.0572386, 1751553670.1554544, 1751553670.2520127, 1751553670.348319, 1751553670.448897, 1751553670.5486095, 1751553670.648959]"
2111,536,1575,"[1751553671.0344644, 1751553671.160369, 1751553671.1614606, 1751553671.4134097, 1751553671.5001636, 1751553671.590535, 1751553671.6805346, 1751553671.7714865, 1751553671.8620884, 1751553671.954044, 1751553672.0443757, 1751553672.1359947, 1751553672.2252562, 1751553672.3161626, 1751553672.406246, 1751553672.499225, 1751553672.5931547, 1751553672.6851807, 1751553672.772768, 1751553672.8644953, 1751553672.9553795, 1751553673.0470471, 1751553673.1377993, 1751553673.2282069, 1751553673.3193405, 1751553673.4119995, 1751553673.501235, 1751553673.5926003, 1751553673.6831322, 1751553673.7747612, 1751553673.8659267, 1751553673.956147, 1751553674.0463388, 1751553674.1371346, 1751553674.2261462, 1751553674.3199742, 1751553674.4090097, 1751553674.502229, 1751553674.5935235, 1751553674.6838493, 1751553674.773805, 1751553674.8645105, 1751553674.9546852, 1751553675.0457368, 1751553675.136618, 1751553675.2316792, 1751553675.3258367, 1751553675.4212868, 1751553675.5163913, 1751553675.611431, 1751553675.7110875, 1751553675.8102012, 1751553675.9081643, 1751553676.003933, 1751553676.104306, 1751553676.2044008, 1751553676.3015125, 1751553676.396641, 1751553676.4968498, 1751553676.5965297, 1751553676.694969, 1751553676.7908971, 1751553676.887949, 1751553676.984728, 1751553677.0839984, 1751553677.184522, 1751553677.2866125]"
1623,376,1247,"[1751553677.6794884, 1751553677.7876618, 1751553677.7888136, 1751553677.985344, 1751553678.0734265, 1751553678.1622534, 1751553678.2713954, 1751553678.3611393, 1751553678.44838, 1751553678.5382268, 1751553678.6284788, 1751553678.7192507, 1751553678.810837, 1751553678.9010494, 1751553678.9927862, 1751553679.0833766, 1751553679.175919, 1751553679.266835, 1751553679.3582625, 1751553679.449492, 1751553679.5410159, 1751553679.6314569, 1751553679.7226098, 1751553679.8130932, 1751553679.9047246, 1751553679.9942627, 1751553680.0855715, 1751553680.1781359, 1751553680.2751977, 1751553680.371583, 1751553680.45923, 1751553680.5492542, 1751553680.639904, 1751553680.7309837, 1751553680.8216677, 1751553680.91354, 1751553681.004333, 1751553681.0931835, 1751553681.1859596, 1751553681.2766006, 1751553681.3695626, 1751553681.4605181, 1751553681.5547607, 1751553681.6495626, 1751553681.7433026, 1751553681.8357399, 1751553681.9318607]"
1823,600,1223,"[1751553682.327229, 1751553682.434433, 1751553682.4356225, 1751553682.6344464, 1751553682.7231662, 1751553682.8145466, 1751553682.904022, 1751553682.994705, 1751553683.08403, 1751553683.1740782, 1751553683.265752, 1751553683.3575273, 1751553683.4490216, 1751553683.540666, 1751553683.6309211, 1751553683.722021, 1751553683.812052, 1751553683.902689, 1751553683.994657, 1751553684.0863495, 1751553684.1767964, 1751553684.26834, 1751553684.3581128, 1751553684.4503772, 1751553684.5410142, 1751553684.6326966, 1751553684.722331, 1751553684.8136127, 1751553684.904203, 1751553684.9961925, 1751553685.0867584, 1751553685.1769907, 1751553685.268015, 1751553685.3589149, 1751553685.4512424, 1751553685.5451348, 1751553685.6379414, 1751553685.731837, 1751553685.8214, 1751553685.9129684, 1751553686.005144, 1751553686.0976067, 1751553686.1924384, 1751553686.2872577, 1751553686.3846304, 1751553686.4785938, 1751553686.5717156, 1751553686.6679976, 1751553686.760946, 1751553686.856638, 1751553686.9525483, 1751553687.054178, 1751553687.1487868, 1751553687.2449763, 1751553687.344364, 1751553687.4465137, 1751553687.5435867, 1751553687.640445, 1751553687.7390163, 1751553687.84125, 1751553687.9406283, 1751553688.0428674, 1751553688.142359, 1751553688.243934, 1751553688.3444502, 1751553688.4456203, 1751553688.5426657, 1751553688.637603, 1751553688.735397, 1751553688.8332224, 1751553688.9315155, 1751553689.0330734, 1751553689.1327052, 1751553689.2341735, 1751553689.336394]"
2287,192,2095,"[1751553689.7179143, 1751553689.8221073, 1751553689.8232334, 1751553690.1702325, 1751553690.2623897, 1751553690.3548872, 1751553690.445595, 1751553690.5371153, 1751553690.6282248, 1751553690.719448, 1751553690.809735, 1751553690.9005594, 1751553690.9924662, 1751553691.0826573, 1751553691.1735048, 1751553691.2640476, 1751553691.355923, 1751553691.4456804, 1751553691.536262, 1751553691.6273565, 1751553691.7188795, 1751553691.8100538, 1751553691.900462, 1751553691.9904459]"
1927,416,1511,"[1751553692.3663778, 1751553692.4908965, 1751553692.492366, 1751553692.692602, 1751553692.77933, 1751553692.8698437, 1751553692.96004, 1751553693.0512447, 1751553693.1412315, 1751553693.233118, 1751553693.323613, 1751553693.4160714, 1751553693.506488, 1751553693.5972533, 1751553693.6870828, 1751553693.7779841, 1751553693.868642, 1751553693.9575512, 1751553694.0504422, 1751553694.1425068, 1751553694.2328064, 1751553694.3246317, 1751553694.415311, 1751553694.504087, 1751553694.5954826, 1751553694.688073, 1751553694.777358, 1751553694.8693004, 1751553694.959044, 1751553695.051589, 1751553695.143406, 1751553695.233463, 1751553695.323809, 1751553695.4147718, 1751553695.5053968, 1751553695.598449, 1751553695.69679, 1751553695.791401, 1751553695.8881903, 1751553695.9805596, 1751553696.0724065, 1751553696.1642666, 1751553696.2580848, 1751553696.3525622, 1751553696.4430082, 1751553696.5369408, 1751553696.6329703, 1751553696.7282658, 1751553696.8230977, 1751553696.9187698, 1751553697.0157838, 1751553697.1119585]"
2119,320,1799,"[1751553697.4794908, 1751553697.5994184, 1751553697.6006207, 1751553697.859701, 1751553697.948115, 1751553698.033693, 1751553698.1200817, 1751553698.2042136, 1751553698.289197, 1751553698.3782136, 1751553698.4660947, 1751553698.5557327, 1751553698.6472461, 1751553698.7377226, 1751553698.828444, 1751553698.9176743, 1751553699.008845, 1751553699.100944, 1751553699.1922398, 1751553699.282988, 1751553699.3734043, 1751553699.4649367, 1751553699.5560567, 1751553699.6461813, 1751553699.734655, 1751553699.823549, 1751553699.916688, 1751553700.0101197, 1751553700.101135, 1751553700.1920378, 1751553700.2832794, 1751553700.3738983, 1751553700.463616, 1751553700.5548522, 1751553700.645202, 1751553700.7364044, 1751553700.824089, 1751553700.9129434, 1751553701.0074198, 1751553701.100623]"
1847,960,887,"[1751553701.4867058, 1751553701.578993, 1751553701.5801873, 1751553701.742838, 1751553701.83263, 1751553701.9257278, 1751553702.0162823, 1751553702.1076512, 1751553702.200004, 1751553702.291291, 1751553702.380833, 1751553702.4713135, 1751553702.5625846, 1751553702.653471, 1751553702.743498, 1751553702.8357124, 1751553702.925484, 1751553703.0165026, 1751553703.1056948, 1751553703.1972342, 1751553703.2865357, 1751553703.3804493, 1751553703.470797, 1751553703.5620358, 1751553703.6529055, 1751553703.7450562, 1751553703.833247, 1751553703.9255872, 1751553704.0160441, 1751553704.1075103, 1751553704.198666, 1751553704.2884617, 1751553704.3792393, 1751553704.4704983, 1751553704.5609057, 1751553704.653427, 1751553704.743982, 1751553704.8355389, 1751553704.9272914, 1751553705.02192, 1751553705.116364, 1751553705.2085514, 1751553705.3009853, 1751553705.3976395, 1751553705.4901428, 1751553705.5875301, 1751553705.681487, 1751553705.7757316, 1751553705.8686996, 1751553705.9632392, 1751553706.0553818, 1751553706.1538525, 1751553706.2510355, 1751553706.3482995, 1751553706.4467452, 1751553706.548052, 1751553706.6476996, 1751553706.7491505, 1751553706.8455417, 1751553706.9388678, 1751553707.0303485, 1751553707.1360745, 1751553707.2349374, 1751553707.3360958, 1751553707.4374242, 1751553707.5379314, 1751553707.6382113, 1751553707.7398524, 1751553707.837413, 1751553707.9351382, 1751553708.0339122, 1751553708.1358907, 1751553708.235495, 1751553708.3371828, 1751553708.4388993, 1751553708.543017, 1751553708.640694, 1751553708.7417915, 1751553708.8411329, 1751553708.9437041, 1751553709.043758, 1751553709.1449828, 1751553709.2450702, 1751553709.3464482, 1751553709.4486132, 1751553709.5479453, 1751553709.6495647, 1751553709.7510526, 1751553709.8520653, 1751553709.952772, 1751553710.0537255, 1751553710.1556096, 1751553710.2607863, 1751553710.370962, 1751553710.4765208, 1751553710.5793645, 1751553710.6800628, 1751553710.7795877, 1751553710.881811, 1751553710.9826634, 1751553711.0835252, 1751553711.1862407, 1751553711.2895632, 1751553711.3925686, 1751553711.4976788, 1751553711.6008394, 1751553711.700024, 1751553711.8034708, 1751553711.9103014, 1751553712.0158653, 1751553712.1220195, 1751553712.228271, 1751553712.3339555, 1751553712.450198, 1751553712.5562913, 1751553712.665022, 1751553712.7715755, 1751553712.8798935, 1751553712.992199, 1751553713.1010687]"
1575,184,1391,"[1751553713.5008574, 1751553713.6147826, 1751553713.615969, 1751553713.8309665, 1751553713.9291599, 1751553714.0193183, 1751553714.1097224, 1751553714.199298, 1751553714.2837691, 1751553714.3754995, 1751553714.4660475, 1751553714.5580294, 1751553714.6491795, 1751553714.739565, 1751553714.8305576, 1751553714.921989, 1751553715.013387, 1751553715.1043818, 1751553715.1945019, 1751553715.2854297, 1751553715.3759322, 1751553715.4673617, 1751553715.558135]"
1311,176,1135,"[1751553715.939689, 1751553716.054859, 1751553716.0559132, 1751553716.2377326, 1751553716.3250995, 1751553716.4155347, 1751553716.5016124, 1751553716.5896547, 1751553716.6771128, 1751553716.7687624, 1751553716.8586333, 1751553716.949106, 1751553717.0409167, 1751553717.132202, 1751553717.222429, 1751553717.311868, 1751553717.403892, 1751553717.4953315, 1751553717.5860271, 1751553717.676083, 1751553717.7674274, 1751553717.8588386]"
3183,536,2647,"[1751553718.2658896, 1751553718.3640678, 1751553718.3650193, 1751553718.817966, 1751553718.9074414, 1751553718.9985428, 1751553719.0886652, 1751553719.1809874, 1751553719.2711296, 1751553719.3633237, 1751553719.4521482, 1751553719.5413423, 1751553719.630273, 1751553719.7178593, 1751553719.8073769, 1751553719.8987372, 1751553719.9907124, 1751553720.0813906, 1751553720.1722152, 1751553720.2636635, 1751553720.3543046, 1751553720.4451077, 1751553720.5317953, 1751553720.6260877, 1751553720.717911, 1751553720.8095732, 1751553720.8986197, 1751553720.990656, 1751553721.0816202, 1751553721.1684933, 1751553721.266227, 1751553721.357248, 1751553721.4486039, 1751553721.5423126, 1751553721.635151, 1751553721.7253528, 1751553721.8138335, 1751553721.9083436, 1751553721.9986272, 1751553722.0901608, 1751553722.1819568, 1751553722.2758303, 1751553722.370322, 1751553722.4640656, 1751553722.5583878, 1751553722.6547785, 1751553722.7470143, 1751553722.844778, 1751553722.941146, 1751553723.0371335, 1751553723.1347556, 1751553723.2304583, 1751553723.3295667, 1751553723.429157, 1751553723.5228665, 1751553723.6221526, 1751553723.7205777, 1751553723.8141158, 1751553723.9125934, 1751553724.0103552, 1751553724.1078677, 1751553724.2091, 1751553724.309152, 1751553724.4054565, 1751553724.5041282, 1751553724.6020331, 1751553724.7014008]"
1551,184,1367,"[1751553725.0927212, 1751553725.2072265, 1751553725.208425, 1751553725.4325023, 1751553725.5236418, 1751553725.6143363, 1751553725.7156327, 1751553725.8062792, 1751553725.8968074, 1751553725.9877534, 1751553726.0787723, 1751553726.1666296, 1751553726.2607117, 1751553726.3515651, 1751553726.4421957, 1751553726.5328221, 1751553726.6243558, 1751553726.7144387, 1751553726.8054821, 1751553726.8920767, 1751553726.9814057, 1751553727.0691042, 1751553727.1591687]"
1535,312,1223,"[1751553727.549323, 1751553727.6568415, 1751553727.6578102, 1751553727.8496232, 1751553727.935939, 1751553728.0274045, 1751553728.1173267, 1751553728.2035215, 1751553728.2896984, 1751553728.3804955, 1751553728.4708412, 1751553728.560578, 1751553728.6484137, 1751553728.7347314, 1751553728.82499, 1751553728.916587, 1751553729.0075846, 1751553729.0986683, 1751553729.1899302, 1751553729.2808535, 1751553729.3710065, 1751553729.4612126, 1751553729.5526922, 1751553729.6438038, 1751553729.7333498, 1751553729.8254786, 1751553729.9156272, 1751553730.0050066, 1751553730.0934055, 1751553730.185074, 1751553730.2789822, 1751553730.3712268, 1751553730.4616623, 1751553730.552804, 1751553730.6432865, 1751553730.7361836, 1751553730.8242607, 1751553730.9143112, 1751553731.0035558]"
3607,1192,2415,"[1751553731.3821735, 1751553731.47942, 1751553731.4805999, 1751553731.8431773, 1751553731.9351108, 1751553732.026461, 1751553732.1163964, 1751553732.20775, 1751553732.2985978, 1751553732.390481, 1751553732.4805439, 1751553732.5715697, 1751553732.6627758, 1751553732.753682, 1751553732.8440752, 1751553732.935092, 1751553733.0266383, 1751553733.114474, 1751553733.2035644, 1751553733.2916648, 1751553733.3785436, 1751553733.46952, 1751553733.5605206, 1751553733.6518168, 1751553733.74276, 1751553733.8342469, 1751553733.9234092, 1751553734.0145864, 1751553734.1042776, 1751553734.1945229, 1751553734.2849774, 1751553734.3785536, 1751553734.4691715, 1751553734.5605278, 1751553734.650694, 1751553734.7429256, 1751553734.8335698, 1751553734.925451, 1751553735.0171874, 1751553735.1110845, 1751553735.2059016, 1751553735.29887, 1751553735.3937702, 1751553735.4868917, 1751553735.5808327, 1751553735.6775088, 1751553735.7730606, 1751553735.8682356, 1751553735.9679759, 1751553736.0648127, 1751553736.1621234, 1751553736.258762, 1751553736.3538094, 1751553736.449972, 1751553736.5455537, 1751553736.6436577, 1751553736.7440538, 1751553736.8437843, 1751553736.9392734, 1751553737.0369852, 1751553737.1346576, 1751553737.2322438, 1751553737.3311174, 1751553737.4316092, 1751553737.5328887, 1751553737.6343462, 1751553737.7355814, 1751553737.8365152, 1751553737.938004, 1751553738.040243, 1751553738.1407626, 1751553738.2418442, 1751553738.3431127, 1751553738.4440658, 1751553738.5463626, 1751553738.6450946, 1751553738.746745, 1751553738.855407, 1751553738.9579337, 1751553739.058975, 1751553739.1583083, 1751553739.261261, 1751553739.3627641, 1751553739.4648683, 1751553739.5666275, 1751553739.6668687, 1751553739.7680705, 1751553739.8689177, 1751553739.9684377, 1751553740.069193, 1751553740.1732142, 1751553740.2810814, 1751553740.3868914, 1751553740.4882543, 1751553740.587994, 1751553740.6877298, 1751553740.788272, 1751553740.8921256, 1751553740.9926267, 1751553741.0916255, 1751553741.1934195, 1751553741.294662, 1751553741.3962898, 1751553741.4993715, 1751553741.6053092, 1751553741.709049, 1751553741.8127391, 1751553741.9170823, 1751553742.022452, 1751553742.1300993, 1751553742.2355118, 1751553742.342267, 1751553742.446973, 1751553742.55342, 1751553742.6601791, 1751553742.7655365, 1751553742.8750603, 1751553742.9849052, 1751553743.0907826, 1751553743.1991024, 1751553743.3097024, 1751553743.417512, 1751553743.524371, 1751553743.6341043, 1751553743.7448213, 1751553743.8587809, 1751553743.9680338, 1751553744.0797548, 1751553744.190958, 1751553744.3008146, 1751553744.4139512, 1751553744.5235074, 1751553744.6353164, 1751553744.7466056, 1751553744.857519, 1751553744.9682074, 1751553745.0791612, 1751553745.1880257, 1751553745.3001387, 1751553745.4127412, 1751553745.525743, 1751553745.6366098, 1751553745.7496, 1751553745.8569345, 1751553745.9640946, 1751553746.070642, 1751553746.1820254, 1751553746.2937274, 1751553746.4035873]"
1431,528,903,"[1751553746.819741, 1751553746.9136078, 1751553746.914811, 1751553747.0806413, 1751553747.1705174, 1751553747.2611964, 1751553747.3516521, 1751553747.4416614, 1751553747.5279968, 1751553747.6182523, 1751553747.7051363, 1751553747.7950122, 1751553747.885777, 1751553747.9733698, 1751553748.063004, 1751553748.1538684, 1751553748.2428484, 1751553748.3310902, 1751553748.4224849, 1751553748.5141704, 1751553748.6038046, 1751553748.695352, 1751553748.785964, 1751553748.8770058, 1751553748.9672668, 1751553749.0597067, 1751553749.1487346, 1751553749.2401497, 1751553749.3312883, 1751553749.4380977, 1751553749.5325315, 1751553749.6230197, 1751553749.7138867, 1751553749.8046625, 1751553749.8957548, 1751553749.9880824, 1751553750.0776193, 1751553750.1681457, 1751553750.2600486, 1751553750.351461, 1751553750.4426553, 1751553750.5343301, 1751553750.6262665, 1751553750.7215078, 1751553750.8157384, 1751553750.9145114, 1751553751.0094204, 1751553751.102784, 1751553751.1957684, 1751553751.28924, 1751553751.3824477, 1751553751.4784229, 1751553751.5713594, 1751553751.670687, 1751553751.766017, 1751553751.8626192, 1751553751.9580855, 1751553752.0547228, 1751553752.154863, 1751553752.2572024, 1751553752.3575752, 1751553752.4600837, 1751553752.5606034, 1751553752.6609414, 1751553752.762488, 1751553752.8632166]"
1071,464,607,"[1751553753.269468, 1751553753.3555093, 1751553753.3565087, 1751553753.5092108, 1751553753.5992444, 1751553753.6900856, 1751553753.7814267, 1751553753.873362, 1751553753.9623656, 1751553754.0545743, 1751553754.145975, 1751553754.237559, 1751553754.3276684, 1751553754.4191134, 1751553754.5104635, 1751553754.6007986, 1751553754.6924543, 1751553754.7833245, 1751553754.8729453, 1751553754.964261, 1751553755.0554621, 1751553755.1462634, 1751553755.2374477, 1751553755.328216, 1751553755.4188979, 1751553755.5101178, 1751553755.6003888, 1751553755.7019012, 1751553755.7945054, 1751553755.883862, 1751553755.9739172, 1751553756.0647857, 1751553756.154422, 1751553756.246276, 1751553756.338131, 1751553756.430842, 1751553756.5194304, 1751553756.6112268, 1751553756.7053673, 1751553756.798194, 1751553756.892776, 1751553756.984002, 1751553757.072747, 1751553757.167002, 1751553757.260015, 1751553757.3529358, 1751553757.447175, 1751553757.5420637, 1751553757.6384356, 1751553757.7357836, 1751553757.8328397, 1751553757.92811, 1751553758.0212772, 1751553758.1163194, 1751553758.2090113, 1751553758.306606, 1751553758.4032085, 1751553758.5003295]"
1423,104,1319,"[1751553758.9140975, 1751553759.0148609, 1751553759.0157444, 1751553759.2539706, 1751553759.3455493, 1751553759.4371703, 1751553759.526822, 1751553759.618702, 1751553759.7073233, 1751553759.7913642, 1751553759.8804348, 1751553759.9725683, 1751553760.0633893]"
967,272,695,"[1751553760.4675338, 1751553760.5576973, 1751553760.5596623, 1751553760.7030046, 1751553760.7926614, 1751553760.883142, 1751553760.9749427, 1751553761.064686, 1751553761.1541133, 1751553761.245608, 1751553761.3363566, 1751553761.4286137, 1751553761.5209591, 1751553761.61043, 1751553761.7000477, 1751553761.7901874, 1751553761.8820782, 1751553761.9738564, 1751553762.0639095, 1751553762.1560307, 1751553762.2465646, 1751553762.3382409, 1751553762.4280818, 1751553762.5202787, 1751553762.6103933, 1751553762.7028077, 1751553762.7920935, 1751553762.8838181, 1751553762.9742708, 1751553763.0649612, 1751553763.1569972, 1751553763.2499163, 1751553763.3378537, 1751553763.4290383]"
1487,192,1295,"[1751553763.7992914, 1751553763.908723, 1751553763.9100652, 1751553764.139232, 1751553764.2262304, 1751553764.313889, 1751553764.4046934, 1751553764.4957752, 1751553764.5870788, 1751553764.6795907, 1751553764.7704043, 1751553764.8605464, 1751553764.9528093, 1751553765.0433085, 1751553765.1339583, 1751553765.224658, 1751553765.3160822, 1751553765.4073, 1751553765.4981973, 1751553765.5894012, 1751553765.679566, 1751553765.7713263, 1751553765.861716, 1751553765.9526377]"
2839,512,2327,"[1751553766.3194232, 1751553766.4158115, 1751553766.4169736, 1751553766.7814984, 1751553766.8699744, 1751553766.9586985, 1751553767.0442057, 1751553767.1351862, 1751553767.2234623, 1751553767.3143466, 1751553767.404262, 1751553767.4952068, 1751553767.5874965, 1751553767.6779218, 1751553767.7637029, 1751553767.851285, 1751553767.941849, 1751553768.032974, 1751553768.1237254, 1751553768.2152722, 1751553768.3060496, 1751553768.3971245, 1751553768.4865022, 1751553768.5782115, 1751553768.6679754, 1751553768.76027, 1751553768.8483915, 1751553768.9392703, 1751553769.0316205, 1751553769.123082, 1751553769.219307, 1751553769.3185132, 1751553769.4091399, 1751553769.499057, 1751553769.5869553, 1751553769.6796641, 1751553769.7690384, 1751553769.8602278, 1751553769.9502614, 1751553770.0414217, 1751553770.134623, 1751553770.2239923, 1751553770.3260179, 1751553770.4193907, 1751553770.51366, 1751553770.6084893, 1751553770.7050793, 1751553770.7987077, 1751553770.89164, 1751553770.988869, 1751553771.0858073, 1751553771.1807277, 1751553771.2776597, 1751553771.3724709, 1751553771.465739, 1751553771.5618985, 1751553771.6574843, 1751553771.7544475, 1751553771.8514512, 1751553771.9485412, 1751553772.0472283, 1751553772.1493838, 1751553772.2455282, 1751553772.3420815]"
2343,464,1879,"[1751553772.7250876, 1751553772.8378487, 1751553772.8387713, 1751553773.1200058, 1751553773.2097545, 1751553773.300611, 1751553773.3902109, 1751553773.4819727, 1751553773.5728486, 1751553773.6644824, 1751553773.7540615, 1751553773.845428, 1751553773.9380212, 1751553774.0273874, 1751553774.116225, 1751553774.2063875, 1751553774.2951243, 1751553774.3815196, 1751553774.4715178, 1751553774.5640142, 1751553774.6535165, 1751553774.7449028, 1751553774.8356361, 1751553774.9254117, 1751553775.0144076, 1751553775.1093094, 1751553775.1999695, 1751553775.291434, 1751553775.3817992, 1751553775.473, 1751553775.5637648, 1751553775.6542456, 1751553775.7452903, 1751553775.8355935, 1751553775.926354, 1751553776.0189836, 1751553776.10952, 1751553776.1983092, 1751553776.290257, 1751553776.3826041, 1751553776.4743845, 1751553776.5656173, 1751553776.660349, 1751553776.7551942, 1751553776.8488245, 1751553776.9451518, 1751553777.037167, 1751553777.1344326, 1751553777.2274392, 1751553777.320635, 1751553777.415755, 1751553777.511037, 1751553777.6072395, 1751553777.7029097, 1751553777.7973666, 1751553777.8928463, 1751553777.9903908, 1751553778.0866063]"
1711,576,1135,"[1751553778.4801114, 1751553778.594056, 1751553778.5947206, 1751553778.7770603, 1751553778.8635545, 1751553778.9542816, 1751553779.0464892, 1751553779.1371245, 1751553779.2265873, 1751553779.3180537, 1751553779.4087799, 1751553779.5000262, 1751553779.5917482, 1751553779.6818721, 1751553779.7725432, 1751553779.8631532, 1751553779.9532995, 1751553780.0448382, 1751553780.1334813, 1751553780.225858, 1751553780.3147752, 1751553780.4085286, 1751553780.4997215, 1751553780.5911694, 1751553780.68109, 1751553780.7734416, 1751553780.8631823, 1751553780.9543939, 1751553781.0426688, 1751553781.1323898, 1751553781.225313, 1751553781.317677, 1751553781.407337, 1751553781.499131, 1751553781.5897985, 1751553781.6823545, 1751553781.7715068, 1751553781.862146, 1751553781.9535239, 1751553782.0450583, 1751553782.137663, 1751553782.2296064, 1751553782.324525, 1751553782.4198406, 1751553782.5122855, 1751553782.6090622, 1751553782.7046363, 1751553782.8001595, 1751553782.8963535, 1751553782.990572, 1751553783.089345, 1751553783.1832402, 1751553783.2747009, 1751553783.3641858, 1751553783.4574845, 1751553783.5560584, 1751553783.6533034, 1751553783.749058, 1751553783.8492908, 1751553783.946927, 1751553784.0427933, 1751553784.141435, 1751553784.2397954, 1751553784.3333259, 1751553784.4271889, 1751553784.5263972, 1751553784.626536, 1751553784.7273767, 1751553784.82962, 1751553784.930778, 1751553785.0306199, 1751553785.131327]"
1495,248,1247,"[1751553785.5431757, 1751553785.6688323, 1751553785.6701593, 1751553785.8474576, 1751553785.9406834, 1751553786.0315394, 1751553786.1167023, 1751553786.2062006, 1751553786.2920687, 1751553786.3836007, 1751553786.4720438, 1751553786.56084, 1751553786.6503792, 1751553786.7378395, 1751553786.8282762, 1751553786.919173, 1751553787.0102098, 1751553787.1003447, 1751553787.1906943, 1751553787.2794576, 1751553787.3704178, 1751553787.462987, 1751553787.5547097, 1751553787.6460235, 1751553787.7363126, 1751553787.82885, 1751553787.917055, 1751553788.0067723, 1751553788.0990207, 1751553788.190292, 1751553788.2818387]"
1231,120,1111,"[1751553788.6693223, 1751553788.7769468, 1751553788.7781363, 1751553788.9684331, 1751553789.0574992, 1751553789.147798, 1751553789.2391207, 1751553789.3307118, 1751553789.4180052, 1751553789.5066314, 1751553789.5903502, 1751553789.684058, 1751553789.7756667, 1751553789.8666372, 1751553789.9569843]"
1727,392,1335,"[1751553790.3255332, 1751553790.4299252, 1751553790.4310415, 1751553790.6612844, 1751553790.75302, 1751553790.860557, 1751553790.9476287, 1751553791.0373635, 1751553791.127861, 1751553791.2188644, 1751553791.3096154, 1751553791.4009438, 1751553791.4925792, 1751553791.583625, 1751553791.6741493, 1751553791.765286, 1751553791.8569546, 1751553791.9475584, 1751553792.0384274, 1751553792.1301515, 1751553792.2207634, 1751553792.311999, 1751553792.4018521, 1751553792.4923623, 1751553792.5829258, 1751553792.6764753, 1751553792.7660983, 1751553792.8576415, 1751553792.946781, 1751553793.0391529, 1751553793.1285558, 1751553793.2198179, 1751553793.310732, 1751553793.4012566, 1751553793.4917798, 1751553793.5836277, 1751553793.6740701, 1751553793.766193, 1751553793.862082, 1751553793.9574366, 1751553794.0523689, 1751553794.1472528, 1751553794.2401726, 1751553794.3367682, 1751553794.4312048, 1751553794.530065, 1751553794.6282637, 1751553794.7302883, 1751553794.8279388]"
1575,448,1127,"[1751553795.2114658, 1751553795.318844, 1751553795.3200128, 1751553795.511589, 1751553795.6005893, 1751553795.692307, 1751553795.7840972, 1751553795.8730583, 1751553795.9604402, 1751553796.0473125, 1751553796.1318698, 1751553796.2165213, 1751553796.3082066, 1751553796.399561, 1751553796.4882905, 1751553796.5803933, 1751553796.6729789, 1751553796.764138, 1751553796.8544703, 1751553796.945993, 1751553797.0354893, 1751553797.1279056, 1751553797.2374656, 1751553797.3305123, 1751553797.4198866, 1751553797.510919, 1751553797.5986035, 1751553797.6923525, 1751553797.7829638, 1751553797.8738532, 1751553797.9656897, 1751553798.057685, 1751553798.144567, 1751553798.2379408, 1751553798.3301015, 1751553798.4220202, 1751553798.510972, 1751553798.602505, 1751553798.6950483, 1751553798.790594, 1751553798.8852425, 1751553798.9828496, 1751553799.0790863, 1751553799.175358, 1751553799.2687204, 1751553799.363103, 1751553799.4570587, 1751553799.552474, 1751553799.645373, 1751553799.7372882, 1751553799.8336148, 1751553799.930822, 1751553800.0255618, 1751553800.1245365, 1751553800.2240229, 1751553800.3316636]"
3247,704,2543,"[1751553800.7287674, 1751553800.828919, 1751553800.83009, 1751553801.2003644, 1751553801.2867458, 1751553801.391532, 1751553801.478925, 1751553801.5658588, 1751553801.650375, 1751553801.740683, 1751553801.8306317, 1751553801.9214752, 1751553802.012667, 1751553802.103395, 1751553802.1895554, 1751553802.278997, 1751553802.3674877, 1751553802.4573843, 1751553802.547757, 1751553802.638477, 1751553802.7299743, 1751553802.820641, 1751553802.9115388, 1751553803.003202, 1751553803.0927339, 1751553803.1851947, 1751553803.2747512, 1751553803.3660803, 1751553803.4565518, 1751553803.547882, 1751553803.6526284, 1751553803.7434175, 1751553803.8339705, 1751553803.924876, 1751553804.0161717, 1751553804.1110785, 1751553804.2027872, 1751553804.2949166, 1751553804.385512, 1751553804.4774287, 1751553804.5687573, 1751553804.660458, 1751553804.7544544, 1751553804.8497186, 1751553804.943781, 1751553805.041375, 1751553805.1362443, 1751553805.233328, 1751553805.330316, 1751553805.4262598, 1751553805.525489, 1751553805.6203494, 1751553805.716307, 1751553805.8137228, 1751553805.9089203, 1751553806.009673, 1751553806.1069155, 1751553806.2014449, 1751553806.2976332, 1751553806.3943024, 1751553806.4932916, 1751553806.59436, 1751553806.6946833, 1751553806.7960236, 1751553806.8974774, 1751553806.9981055, 1751553807.0986123, 1751553807.1994555, 1751553807.2989013, 1751553807.3989627, 1751553807.4975715, 1751553807.5951803, 1751553807.695244, 1751553807.7965477, 1751553807.8986292, 1751553807.9987388, 1751553808.100083, 1751553808.2021189, 1751553808.3014028, 1751553808.4040043, 1751553808.5022461, 1751553808.6036046, 1751553808.7054029, 1751553808.8037515, 1751553808.9085133, 1751553809.009076, 1751553809.1102748, 1751553809.2203784]"
2063,456,1607,"[1751553809.6102626, 1751553809.7304587, 1751553809.7316587, 1751553809.988743, 1751553810.0767682, 1751553810.1667192, 1751553810.2568686, 1751553810.3484685, 1751553810.4393122, 1751553810.5306935, 1751553810.621085, 1751553810.7123168, 1751553810.8039057, 1751553810.8945525, 1751553810.9856646, 1751553811.0770943, 1751553811.1682017, 1751553811.2590466, 1751553811.349803, 1751553811.440165, 1751553811.5294695, 1751553811.621952, 1751553811.7305293, 1751553811.8227148, 1751553811.9149635, 1751553812.0061069, 1751553812.0968428, 1751553812.1875002, 1751553812.2782633, 1751553812.3682718, 1751553812.4582095, 1751553812.5510554, 1751553812.6413555, 1751553812.7325606, 1751553812.8235538, 1751553812.9161377, 1751553813.0079322, 1751553813.103391, 1751553813.2005453, 1751553813.2962072, 1751553813.38987, 1751553813.483934, 1751553813.5794885, 1751553813.674967, 1751553813.7712457, 1751553813.8690786, 1751553813.963584, 1751553814.0634418, 1751553814.1568787, 1751553814.2520392, 1751553814.348875, 1751553814.4455373, 1751553814.5363235, 1751553814.6320138, 1751553814.7306948, 1751553814.8308718, 1751553814.9255877]"
2047,632,1415,"[1751553815.2959638, 1751553815.410143, 1751553815.411321, 1751553815.6413739, 1751553815.745401, 1751553815.8338964, 1751553815.923482, 1751553816.01479, 1751553816.099927, 1751553816.1848748, 1751553816.2763858, 1751553816.368531, 1751553816.4605434, 1751553816.5495393, 1751553816.6410644, 1751553816.7330093, 1751553816.8239632, 1751553816.9141283, 1751553817.005596, 1751553817.094083, 1751553817.186113, 1751553817.276098, 1751553817.3656855, 1751553817.4567332, 1751553817.5489593, 1751553817.6404698, 1751553817.7312238, 1751553817.8228512, 1751553817.9131727, 1751553818.0034852, 1751553818.093936, 1751553818.1821804, 1751553818.2706215, 1751553818.3647158, 1751553818.4576855, 1751553818.5498903, 1751553818.6405501, 1751553818.7328126, 1751553818.8287232, 1751553818.9229844, 1751553819.015619, 1751553819.111812, 1751553819.2067595, 1751553819.30079, 1751553819.3962533, 1751553819.493884, 1751553819.5899842, 1751553819.6865602, 1751553819.781607, 1751553819.8796728, 1751553819.9779193, 1751553820.0730238, 1751553820.1686938, 1751553820.2638297, 1751553820.3641822, 1751553820.4642992, 1751553820.5638487, 1751553820.6621048, 1751553820.7571561, 1751553820.8554442, 1751553820.9518468, 1751553821.051084, 1751553821.1523519, 1751553821.252532, 1751553821.3566637, 1751553821.456485, 1751553821.5583992, 1751553821.6580262, 1751553821.759532, 1751553821.8626125, 1751553821.9809322, 1751553822.0830843, 1751553822.1843472, 1751553822.2861123, 1751553822.3883443, 1751553822.485792, 1751553822.5866413, 1751553822.6890433, 1751553822.7885075]"
1207,168,1039,"[1751553823.1701512, 1751553823.279179, 1751553823.280667, 1751553823.4801352, 1751553823.5654576, 1751553823.654462, 1751553823.7440426, 1751553823.838129, 1751553823.9302714, 1751553824.0208688, 1751553824.1115432, 1751553824.2037284, 1751553824.29549, 1751553824.3866107, 1751553824.477516, 1751553824.5674496, 1751553824.6595507, 1751553824.7499487, 1751553824.8406274, 1751553824.9318993, 1751553825.0222955]"
1119,288,831,"[1751553825.4221537, 1751553825.5138543, 1751553825.5148365, 1751553825.6889145, 1751553825.7766223, 1751553825.8687477, 1751553825.9596338, 1751553826.051034, 1751553826.1420047, 1751553826.232391, 1751553826.3249006, 1751553826.4128938, 1751553826.504981, 1751553826.5971103, 1751553826.6820216, 1751553826.7688882, 1751553826.8600903, 1751553826.94928, 1751553827.0407703, 1751553827.128412, 1751553827.222166, 1751553827.3150785, 1751553827.405669, 1751553827.4967544, 1751553827.5885112, 1751553827.6787279, 1751553827.7678943, 1751553827.8591166, 1751553827.9495416, 1751553828.0412958, 1751553828.1320574, 1751553828.2221074, 1751553828.3132818, 1751553828.4053853, 1751553828.4959002, 1751553828.5904171]"
1607,104,1503,"[1751553828.99773, 1751553829.115627, 1751553829.1168182, 1751553829.343172, 1751553829.4335363, 1751553829.523534, 1751553829.6132855, 1751553829.7045028, 1751553829.7956064, 1751553829.886421, 1751553829.976887, 1751553830.0669384, 1751553830.154654]"
1775,464,1311,"[1751553830.5394442, 1751553830.6454134, 1751553830.6463282, 1751553830.8661757, 1751553830.9554026, 1751553831.0420873, 1751553831.1267555, 1751553831.2174623, 1751553831.3085408, 1751553831.4004064, 1751553831.490863, 1751553831.5817056, 1751553831.6732888, 1751553831.7640157, 1751553831.85511, 1751553831.9465652, 1751553832.0380151, 1751553832.128517, 1751553832.219267, 1751553832.3283246, 1751553832.420403, 1751553832.5123382, 1751553832.6025352, 1751553832.6943595, 1751553832.7849607, 1751553832.8757858, 1751553832.9665933, 1751553833.0562282, 1751553833.1465847, 1751553833.239956, 1751553833.3316338, 1751553833.42213, 1751553833.5123944, 1751553833.603119, 1751553833.6940703, 1751553833.7861476, 1751553833.8737385, 1751553833.9666686, 1751553834.0585876, 1751553834.1498854, 1751553834.2440295, 1751553834.3391333, 1751553834.4323306, 1751553834.5303602, 1751553834.624189, 1751553834.7164824, 1751553834.8128011, 1751553834.907351, 1751553835.0024571, 1751553835.0985124, 1751553835.1981149, 1751553835.294757, 1751553835.390661, 1751553835.4852045, 1751553835.5820324, 1751553835.683264, 1751553835.7820663, 1751553835.8839235]"
1311,128,1183,"[1751553836.2680166, 1751553836.3818197, 1751553836.3828475, 1751553836.5608442, 1751553836.6509995, 1751553836.7418652, 1751553836.833209, 1751553836.9230468, 1751553837.0138621, 1751553837.1059587, 1751553837.1961396, 1751553837.2871816, 1751553837.3792036, 1751553837.4693522, 1751553837.5602398, 1751553837.6510727]"
1335,328,1007,"[1751553838.0355756, 1751553838.130762, 1751553838.1319509, 1751553838.2753525, 1751553838.3614125, 1751553838.4488509, 1751553838.5374436, 1751553838.6301072, 1751553838.7210662, 1751553838.8100264, 1751553838.8972359, 1751553838.9834607, 1751553839.0737956, 1751553839.1647966, 1751553839.255567, 1751553839.3484168, 1751553839.438714, 1751553839.529919, 1751553839.6204472, 1751553839.7110147, 1751553839.8020065, 1751553839.8935823, 1751553839.9839442, 1751553840.0747278, 1751553840.165079, 1751553840.2558467, 1751553840.3468127, 1751553840.4382732, 1751553840.5294085, 1751553840.620039, 1751553840.7098985, 1751553840.8000088, 1751553840.8921614, 1751553840.9828992, 1751553841.07358, 1751553841.165253, 1751553841.2557855, 1751553841.347265, 1751553841.4379063, 1751553841.5297735, 1751553841.6219702]"
1655,280,1375,"[1751553842.0217884, 1751553842.1334484, 1751553842.134535, 1751553842.3478265, 1751553842.4360855, 1751553842.5207415, 1751553842.6059344, 1751553842.6964922, 1751553842.7870905, 1751553842.8908472, 1751553842.9794114, 1751553843.070791, 1751553843.1610336, 1751553843.2508528, 1751553843.3427498, 1751553843.4343183, 1751553843.5262983, 1751553843.6168523, 1751553843.7078538, 1751553843.7988396, 1751553843.8893611, 1751553843.980585, 1751553844.0709834, 1751553844.1623986, 1751553844.2528083, 1751553844.344994, 1751553844.4336169, 1751553844.5240688, 1751553844.6146495, 1751553844.7057793, 1751553844.798097, 1751553844.8908489, 1751553844.979682, 1751553845.0694275, 1751553845.160126]"
1303,232,1071,"[1751553845.5376265, 1751553845.648346, 1751553845.6497207, 1751553845.839907, 1751553845.9271476, 1751553846.016677, 1751553846.1102533, 1751553846.2009742, 1751553846.291271, 1751553846.3823342, 1751553846.4724255, 1751553846.5622466, 1751553846.6540942, 1751553846.7441978, 1751553846.8331575, 1751553846.9263234, 1751553847.0184262, 1751553847.1090858, 1751553847.1989024, 1751553847.2896595, 1751553847.380219, 1751553847.4712708, 1751553847.5604446, 1751553847.6538143, 1751553847.7446368, 1751553847.8366704, 1751553847.926284, 1751553848.017065, 1751553848.108787]"
3215,752,2463,"[1751553848.5009787, 1751553848.599433, 1751553848.600627, 1751553848.9780967, 1751553849.0661979, 1751553849.1571572, 1751553849.2475233, 1751553849.3394482, 1751553849.4300125, 1751553849.5203726, 1751553849.6119242, 1751553849.7037115, 1751553849.7949216, 1751553849.885181, 1751553849.9752395, 1751553850.0658636, 1751553850.1595044, 1751553850.2508786, 1751553850.3413904, 1751553850.432337, 1751553850.5226922, 1751553850.6141036, 1751553850.7041793, 1751553850.795792, 1751553850.8852808, 1751553850.9786563, 1751553851.0691223, 1751553851.1583996, 1751553851.2508152, 1751553851.3408756, 1751553851.43333, 1751553851.5245097, 1751553851.6149626, 1751553851.7061415, 1751553851.7975645, 1751553851.8895133, 1751553851.9790788, 1751553852.0687401, 1751553852.1602762, 1751553852.2523732, 1751553852.3466165, 1751553852.4414785, 1751553852.536178, 1751553852.632512, 1751553852.7259912, 1751553852.8178473, 1751553852.9145522, 1751553853.0104597, 1751553853.1210232, 1751553853.2137418, 1751553853.3115885, 1751553853.4078019, 1751553853.5028782, 1751553853.5990107, 1751553853.6965606, 1751553853.7966626, 1751553853.8958917, 1751553853.997253, 1751553854.096344, 1751553854.1922095, 1751553854.2899725, 1751553854.3883297, 1751553854.4842808, 1751553854.584015, 1751553854.683066, 1751553854.776904, 1751553854.8764873, 1751553854.9776304, 1751553855.0789862, 1751553855.1813302, 1751553855.2817836, 1751553855.383749, 1751553855.4843047, 1751553855.5858889, 1751553855.688632, 1751553855.788982, 1751553855.8900876, 1751553855.9902601, 1751553856.092098, 1751553856.1943266, 1751553856.2938862, 1751553856.393101, 1751553856.498513, 1751553856.596341, 1751553856.6986406, 1751553856.799556, 1751553856.900183, 1751553857.0008683, 1751553857.1020722, 1751553857.2031682, 1751553857.3040743, 1751553857.405259, 1751553857.5061035, 1751553857.6092978]"
1855,608,1247,"[1751553858.0053506, 1751553858.1139147, 1751553858.115107, 1751553858.302852, 1751553858.3994505, 1751553858.4877052, 1751553858.5765085, 1751553858.6681259, 1751553858.7572615, 1751553858.8499873, 1751553858.9379072, 1751553859.029348, 1751553859.122084, 1751553859.2130127, 1751553859.3042254, 1751553859.3958378, 1751553859.4865298, 1751553859.5742962, 1751553859.6668682, 1751553859.7591445, 1751553859.850518, 1751553859.9412045, 1751553860.0319755, 1751553860.1234684, 1751553860.2134368, 1751553860.3147042, 1751553860.405594, 1751553860.4974425, 1751553860.5874317, 1751553860.6784413, 1751553860.7696226, 1751553860.8602393, 1751553860.9501336, 1751553861.041258, 1751553861.1325507, 1751553861.2240245, 1751553861.3142, 1751553861.40368, 1751553861.4946654, 1751553861.586594, 1751553861.679707, 1751553861.7720087, 1751553861.8669903, 1751553861.9600675, 1751553862.0512452, 1751553862.143249, 1751553862.2364984, 1751553862.331813, 1751553862.4314408, 1751553862.5265174, 1751553862.6251266, 1751553862.722073, 1751553862.8173969, 1751553862.9117124, 1751553863.0090816, 1751553863.1096125, 1751553863.211342, 1751553863.3120549, 1751553863.425253, 1751553863.5257416, 1751553863.6245704, 1751553863.7262037, 1751553863.8245447, 1751553863.9221718, 1751553864.0210502, 1751553864.1210918, 1751553864.2228057, 1751553864.3218892, 1751553864.418006, 1751553864.5158677, 1751553864.6167436, 1751553864.7182262, 1751553864.8189957, 1751553864.919971, 1751553865.020692, 1751553865.1222613]"
2559,616,1943,"[1751553865.5351734, 1751553865.6554809, 1751553865.656693, 1751553865.9494967, 1751553866.040312, 1751553866.1319683, 1751553866.222919, 1751553866.3137434, 1751553866.404467, 1751553866.4966338, 1751553866.585199, 1751553866.6766558, 1751553866.7690773, 1751553866.860064, 1751553866.950638, 1751553867.0415368, 1751553867.1338089, 1751553867.2248404, 1751553867.315402, 1751553867.405861, 1751553867.4956126, 1751553867.588921, 1751553867.6794689, 1751553867.770328, 1751553867.8615496, 1751553867.955195, 1751553868.04507, 1751553868.1366973, 1751553868.2282271, 1751553868.319026, 1751553868.4109037, 1751553868.5013719, 1751553868.591879, 1751553868.6830792, 1751553868.7738051, 1751553868.8661535, 1751553868.9577303, 1751553869.0510051, 1751553869.1449914, 1751553869.238679, 1751553869.3324196, 1751553869.4285824, 1751553869.5234225, 1751553869.6195688, 1751553869.7134545, 1751553869.8068745, 1751553869.8995965, 1751553869.9934258, 1751553870.0852926, 1751553870.1805518, 1751553870.278079, 1751553870.3779097, 1751553870.478343, 1751553870.5779393, 1751553870.6730332, 1751553870.7738554, 1751553870.87309, 1751553870.9738963, 1751553871.0728598, 1751553871.1711197, 1751553871.263536, 1751553871.361404, 1751553871.4583826, 1751553871.559347, 1751553871.6614282, 1751553871.761474, 1751553871.862096, 1751553871.9631221, 1751553872.0637033, 1751553872.1666791, 1751553872.2654815, 1751553872.367689, 1751553872.4692554, 1751553872.5704834, 1751553872.6727962, 1751553872.7735286, 1751553872.8745193]"
1479,232,1247,"[1751553873.2738333, 1751553873.4476132, 1751553873.4490952, 1751553873.568353, 1751553873.6652215, 1751553873.7530463, 1751553873.8421726, 1751553873.9337842, 1751553874.0233524, 1751553874.1157992, 1751553874.206386, 1751553874.2976809, 1751553874.389409, 1751553874.4795702, 1751553874.5703375, 1751553874.6614864, 1751553874.7524624, 1751553874.8437274, 1751553874.9337144, 1751553875.0255601, 1751553875.1187584, 1751553875.2073677, 1751553875.2979834, 1751553875.38779, 1751553875.513355, 1751553875.6021748, 1751553875.701236, 1751553875.796365, 1751553875.885962]"
2767,120,2647,"[1751553876.2470472, 1751553876.3525052, 1751553876.3536808, 1751553876.7890425, 1751553876.8797266, 1751553876.9713945, 1751553877.0617843, 1751553877.153597, 1751553877.244579, 1751553877.3364742, 1751553877.4263725, 1751553877.5791895, 1751553877.668945, 1751553877.7593207, 1751553877.8509889]"
2127,296,1831,"[1751553878.2197084, 1751553878.3275156, 1751553878.3284414, 1751553878.581981, 1751553878.6689754, 1751553878.7597215, 1751553878.8498342, 1751553878.9412363, 1751553879.030986, 1751553879.1227117, 1751553879.2128284, 1751553879.304793, 1751553879.3945773, 1751553879.4866238, 1751553879.6426306, 1751553879.7302494, 1751553879.8216288, 1751553879.912283, 1751553880.003063, 1751553880.0940728, 1751553880.1840975, 1751553880.2758968, 1751553880.3668563, 1751553880.456927, 1751553880.5472512, 1751553880.6390758, 1751553880.7296543, 1751553880.8209136, 1751553880.9108996, 1751553881.0018225, 1751553881.0944374, 1751553881.1846352, 1751553881.2749076, 1751553881.3663445, 1751553881.4568512, 1751553881.5494702, 1751553881.6389644]"
2095,632,1463,"[1751553882.027225, 1751553882.1465259, 1751553882.1477141, 1751553882.3450115, 1751553882.4342213, 1751553882.525293, 1751553882.615563, 1751553882.706077, 1751553882.7975163, 1751553882.8868918, 1751553882.9779234, 1751553883.070189, 1751553883.1617026, 1751553883.2524557, 1751553883.343388, 1751553883.4350479, 1751553883.5251596, 1751553883.6139584, 1751553883.7057, 1751553883.7979417, 1751553883.8890958, 1751553883.9810662, 1751553884.0718665, 1751553884.1639543, 1751553884.2546644, 1751553884.3466353, 1751553884.4392624, 1751553884.530022, 1751553884.6197958, 1751553884.7090337, 1751553884.7998803, 1751553884.8903458, 1751553884.9804883, 1751553885.0719178, 1751553885.1617048, 1751553885.2551432, 1751553885.3473454, 1751553885.4411166, 1751553885.536379, 1751553885.628882, 1751553885.7225182, 1751553885.8169801, 1751553885.9093056, 1751553886.0023546, 1751553886.0982068, 1751553886.1940055, 1751553886.2899418, 1751553886.3853614, 1751553886.4789166, 1751553886.5727878, 1751553886.6672974, 1751553886.765223, 1751553886.8650703, 1751553886.9672735, 1751553887.0674527, 1751553887.1684237, 1751553887.2687838, 1751553887.3664753, 1751553887.4621246, 1751553887.5633502, 1751553887.6634424, 1751553887.7626908, 1751553887.8570595, 1751553887.955967, 1751553888.0587506, 1751553888.1571453, 1751553888.253095, 1751553888.3521686, 1751553888.451024, 1751553888.5519776, 1751553888.652437, 1751553888.7531505, 1751553888.8536701, 1751553888.9545062, 1751553889.056499, 1751553889.1566367, 1751553889.2566748, 1751553889.3587818, 1751553889.4609504]"
1831,280,1551,"[1751553889.869355, 1751553889.98653, 1751553889.9877334, 1751553890.2280395, 1751553890.3285198, 1751553890.4184017, 1751553890.5092769, 1751553890.5978956, 1751553890.6855354, 1751553890.77097, 1751553890.861819, 1751553890.9520023, 1751553891.0433214, 1751553891.1343007, 1751553891.2259817, 1751553891.3151455, 1751553891.4071755, 1751553891.494743, 1751553891.5790317, 1751553891.6704583, 1751553891.7627482, 1751553891.8543532, 1751553891.945295, 1751553892.0360355, 1751553892.126677, 1751553892.2187707, 1751553892.3091333, 1751553892.3996139, 1751553892.4908688, 1751553892.5811305, 1751553892.6735864, 1751553892.7635777, 1751553892.8538997, 1751553892.9431677, 1751553893.035363]"
2151,512,1639,"[1751553893.412133, 1751553893.530387, 1751553893.531304, 1751553893.783653, 1751553893.8710349, 1751553893.9633923, 1751553894.0536606, 1751553894.1450877, 1751553894.2356374, 1751553894.326963, 1751553894.4172626, 1751553894.5088341, 1751553894.5998669, 1751553894.690632, 1751553894.8008184, 1751553894.8911407, 1751553894.9840164, 1751553895.0760565, 1751553895.1657913, 1751553895.2574644, 1751553895.346275, 1751553895.4367218, 1751553895.528567, 1751553895.6219115, 1751553895.7106402, 1751553895.8028848, 1751553895.8920105, 1751553895.9831724, 1751553896.0738711, 1751553896.162909, 1751553896.2561076, 1751553896.346911, 1751553896.436983, 1751553896.5281572, 1751553896.619288, 1751553896.7112772, 1751553896.7999616, 1751553896.8942642, 1751553896.9854794, 1751553897.0807807, 1751553897.1750734, 1751553897.2670085, 1751553897.3609746, 1751553897.4568667, 1751553897.5478776, 1751553897.6461635, 1751553897.7394693, 1751553897.8341036, 1751553897.9285583, 1751553898.0295422, 1751553898.1256628, 1751553898.222256, 1751553898.316531, 1751553898.4132764, 1751553898.5128245, 1751553898.611328, 1751553898.7055445, 1751553898.8026319, 1751553898.8988094, 1751553898.9993057, 1751553899.111177, 1751553899.2105408, 1751553899.3099246, 1751553899.411808]"
1415,456,959,"[1751553899.821661, 1751553899.9160864, 1751553899.917217, 1751553900.0703344, 1751553900.159709, 1751553900.250349, 1751553900.3409495, 1751553900.431751, 1751553900.522107, 1751553900.6141775, 1751553900.7018485, 1751553900.7938719, 1751553900.8855362, 1751553900.976642, 1751553901.0682454, 1751553901.1590004, 1751553901.2497687, 1751553901.3390262, 1751553901.4309096, 1751553901.522596, 1751553901.613347, 1751553901.7044055, 1751553901.7949805, 1751553901.8869424, 1751553901.9775276, 1751553902.0694306, 1751553902.1584947, 1751553902.2494226, 1751553902.3398912, 1751553902.4315543, 1751553902.522367, 1751553902.6156344, 1751553902.707792, 1751553902.8010037, 1751553902.8909402, 1751553902.9845605, 1751553903.0758524, 1751553903.16703, 1751553903.2580214, 1751553903.3490472, 1751553903.4402816, 1751553903.5279417, 1751553903.6177766, 1751553903.7128284, 1751553903.8074846, 1751553903.9035382, 1751553903.9990318, 1751553904.0934892, 1751553904.1887236, 1751553904.2801929, 1751553904.3781815, 1751553904.4757476, 1751553904.5722165, 1751553904.6699755, 1751553904.7667735, 1751553904.863434, 1751553904.9630983]"
3087,248,2839,"[1751553905.3828905, 1751553905.4754643, 1751553905.4765937, 1751553905.9442704, 1751553906.033255, 1751553906.1242158, 1751553906.212136, 1751553906.2973852, 1751553906.382446, 1751553906.469583, 1751553906.5588186, 1751553906.6493375, 1751553906.7412202, 1751553906.8270755, 1751553906.913364, 1751553907.004415, 1751553907.0954285, 1751553907.1863787, 1751553907.2762733, 1751553907.3681672, 1751553907.458715, 1751553907.5504258, 1751553907.6402962, 1751553907.7321613, 1751553907.8216858, 1751553907.913901, 1751553908.00377, 1751553908.0940387, 1751553908.1849396, 1751553908.2766044, 1751553908.3656266]"
1799,184,1615,"[1751553908.7337832, 1751553908.8616278, 1751553908.8628314, 1751553909.1149607, 1751553909.2042465, 1751553909.2944694, 1751553909.384231, 1751553909.4754112, 1751553909.564169, 1751553909.6562057, 1751553909.7437215, 1751553909.827633, 1751553909.9188943, 1751553910.0104926, 1751553910.101436, 1751553910.1916854, 1751553910.2841527, 1751553910.3750944, 1751553910.465474, 1751553910.5569224, 1751553910.647396, 1751553910.738619, 1751553910.8277278]"
2191,488,1703,"[1751553911.2180684, 1751553911.3445885, 1751553911.3457754, 1751553911.5834498, 1751553911.6746633, 1751553911.7657511, 1751553911.8564355, 1751553911.9469717, 1751553912.037738, 1751553912.128668, 1751553912.2174413, 1751553912.302787, 1751553912.3914373, 1751553912.482185, 1751553912.572706, 1751553912.664347, 1751553912.7561123, 1751553912.846553, 1751553912.9367363, 1751553913.0282917, 1751553913.118934, 1751553913.211068, 1751553913.3022487, 1751553913.3935485, 1751553913.4839568, 1751553913.5759225, 1751553913.664869, 1751553913.7565548, 1751553913.8467252, 1751553913.937469, 1751553914.02866, 1751553914.119726, 1751553914.2094443, 1751553914.3011527, 1751553914.3922834, 1751553914.4849977, 1751553914.5771153, 1751553914.6713798, 1751553914.7623544, 1751553914.8558996, 1751553914.9482572, 1751553915.040913, 1751553915.1353278, 1751553915.2298312, 1751553915.3208199, 1751553915.414701, 1751553915.5055885, 1751553915.600145, 1751553915.6941159, 1751553915.7927368, 1751553915.8945644, 1751553915.9921718, 1751553916.087039, 1751553916.1862593, 1751553916.2831225, 1751553916.379801, 1751553916.4789867, 1751553916.5799372, 1751553916.6804323, 1751553916.783507, 1751553916.8813152]"
2007,560,1447,"[1751553917.2572415, 1751553917.37278, 1751553917.3741333, 1751553917.5806935, 1751553917.6670315, 1751553917.755327, 1751553917.842142, 1751553917.933118, 1751553918.0234323, 1751553918.1141179, 1751553918.2056603, 1751553918.2968168, 1751553918.3873293, 1751553918.4776037, 1751553918.568362, 1751553918.6595433, 1751553918.7514782, 1751553918.8419034, 1751553918.9327104, 1751553919.0243115, 1751553919.1145606, 1751553919.2058933, 1751553919.2952254, 1751553919.387158, 1751553919.4769483, 1751553919.5699217, 1751553919.6597571, 1751553919.7524438, 1751553919.841142, 1751553919.9325626, 1751553920.0241838, 1751553920.1124947, 1751553920.204779, 1751553920.30657, 1751553920.3970737, 1751553920.4894638, 1751553920.5784323, 1751553920.6687627, 1751553920.7604175, 1751553920.8550196, 1751553920.950517, 1751553921.047756, 1751553921.1365228, 1751553921.2330794, 1751553921.3263125, 1751553921.4214807, 1751553921.5160377, 1751553921.6103113, 1751553921.7037752, 1751553921.7984056, 1751553921.8945763, 1751553921.989687, 1751553922.0832033, 1751553922.1775844, 1751553922.272918, 1751553922.3725462, 1751553922.4702044, 1751553922.5659106, 1751553922.665628, 1751553922.767688, 1751553922.866739, 1751553922.9683437, 1751553923.0692754, 1751553923.1707456, 1751553923.2737443, 1751553923.3725607, 1751553923.4734676, 1751553923.5753272, 1751553923.6755495, 1751553923.7781055]"
2103,504,1599,"[1751553924.1467648, 1751553924.2699196, 1751553924.2710986, 1751553924.503289, 1751553924.5950794, 1751553924.6858318, 1751553924.7759, 1751553924.8668706, 1751553924.9564774, 1751553925.044261, 1751553925.127487, 1751553925.2197485, 1751553925.3118205, 1751553925.4025016, 1751553925.4928913, 1751553925.5847898, 1751553925.6762328, 1751553925.7809572, 1751553925.8678105, 1751553925.9588678, 1751553926.047843, 1751553926.1400342, 1751553926.2309778, 1751553926.3223872, 1751553926.4125738, 1751553926.5042038, 1751553926.5947285, 1751553926.6858945, 1751553926.7758975, 1751553926.86696, 1751553926.9585724, 1751553927.0489972, 1751553927.1389143, 1751553927.230114, 1751553927.3198085, 1751553927.4135625, 1751553927.5025446, 1751553927.5905285, 1751553927.6816225, 1751553927.775103, 1751553927.8681977, 1751553927.9592888, 1751553928.0530872, 1751553928.149022, 1751553928.2439494, 1751553928.3378313, 1751553928.4298558, 1751553928.5238857, 1751553928.6198251, 1751553928.7148664, 1751553928.8133862, 1751553928.9142942, 1751553929.0133698, 1751553929.1092768, 1751553929.2071092, 1751553929.3084538, 1751553929.4089115, 1751553929.506567, 1751553929.6029327, 1751553929.7042282, 1751553929.8031247, 1751553929.9037483, 1751553930.0003483]"
2111,120,1991,"[1751553930.3803406, 1751553930.4991126, 1751553930.5002904, 1751553930.7493641, 1751553930.8392847, 1751553930.9259243, 1751553931.0152264, 1751553931.1057518, 1751553931.195831, 1751553931.2881963, 1751553931.378218, 1751553931.46966, 1751553931.5615797, 1751553931.6519823, 1751553931.7427156]"
1255,224,1031,"[1751553932.1235986, 1751553932.2346692, 1751553932.2360346, 1751553932.4179294, 1751553932.507502, 1751553932.5989087, 1751553932.6889834, 1751553932.7811658, 1751553932.8705854, 1751553932.9605432, 1751553933.0520709, 1751553933.1421018, 1751553933.2348435, 1751553933.326475, 1751553933.417364, 1751553933.508044, 1751553933.5984375, 1751553933.6892262, 1751553933.7807417, 1751553933.87229, 1751553933.962725, 1751553934.0540185, 1751553934.1439164, 1751553934.2359507, 1751553934.3259752, 1751553934.4182286, 1751553934.508129, 1751553934.599755]"
1511,232,1279,"[1751553934.9930038, 1751553935.1020517, 1751553935.103256, 1751553935.312069, 1751553935.4057195, 1751553935.4970462, 1751553935.5858753, 1751553935.6809645, 1751553935.7721927, 1751553935.8560073, 1751553935.9406192, 1751553936.0452654, 1751553936.1312244, 1751553936.222567, 1751553936.3123572, 1751553936.3975892, 1751553936.488307, 1751553936.5786643, 1751553936.6698549, 1751553936.761354, 1751553936.8518903, 1751553936.9434557, 1751553937.033584, 1751553937.1247964, 1751553937.2154472, 1751553937.306801, 1751553937.396522, 1751553937.487876, 1751553937.576504]"
2711,608,2103,"[1751553937.9403396, 1751553938.034933, 1751553938.035817, 1751553938.4036193, 1751553938.495125, 1751553938.5861804, 1751553938.6763072, 1751553938.7678385, 1751553938.8584116, 1751553938.9497323, 1751553939.039306, 1751553939.1318443, 1751553939.2232935, 1751553939.3135624, 1751553939.3983514, 1751553939.4861984, 1751553939.5769134, 1751553939.666787, 1751553939.7567594, 1751553939.8479588, 1751553939.9390602, 1751553940.0287035, 1751553940.1201153, 1751553940.2121296, 1751553940.3031328, 1751553940.395352, 1751553940.4820035, 1751553940.5761917, 1751553940.6670272, 1751553940.7583137, 1751553940.8495903, 1751553940.9410782, 1751553941.030908, 1751553941.1220975, 1751553941.2121162, 1751553941.3049166, 1751553941.3955677, 1751553941.4857833, 1751553941.5765305, 1751553941.667487, 1751553941.7612624, 1751553941.8556366, 1751553941.9490342, 1751553942.0413322, 1751553942.1349664, 1751553942.2302184, 1751553942.3228455, 1751553942.4146519, 1751553942.5053663, 1751553942.5986931, 1751553942.6950583, 1751553942.791313, 1751553942.886052, 1751553942.9827762, 1751553943.0781727, 1751553943.1786146, 1751553943.277553, 1751553943.3728726, 1751553943.4666834, 1751553943.5604234, 1751553943.6545453, 1751553943.7592046, 1751553943.8558133, 1751553943.9562485, 1751553944.0578275, 1751553944.1594505, 1751553944.254039, 1751553944.350469, 1751553944.4510484, 1751553944.5535872, 1751553944.6536734, 1751553944.7547452, 1751553944.8556967, 1751553944.958065, 1751553945.0585313, 1751553945.1597]"
3535,1176,2359,"[1751553945.5556521, 1751553945.6492813, 1751553945.6504333, 1751553946.0103693, 1751553946.0967443, 1751553946.1866753, 1751553946.2735555, 1751553946.3606124, 1751553946.4498143, 1751553946.5561943, 1751553946.6423128, 1751553946.732438, 1751553946.8234298, 1751553946.9145355, 1751553947.005552, 1751553947.096956, 1751553947.187465, 1751553947.2763712, 1751553947.368672, 1751553947.4606667, 1751553947.5517175, 1751553947.64317, 1751553947.7339253, 1751553947.8240066, 1751553947.9153945, 1751553948.0077145, 1751553948.096506, 1751553948.1877537, 1751553948.2799447, 1751553948.3725169, 1751553948.4641032, 1751553948.5540802, 1751553948.6446652, 1751553948.7354999, 1751553948.825929, 1751553948.9184911, 1751553949.0092711, 1751553949.1006992, 1751553949.1912847, 1751553949.2841198, 1751553949.3792632, 1751553949.470804, 1751553949.5593877, 1751553949.6509094, 1751553949.7437308, 1751553949.8366413, 1751553949.9294016, 1751553950.024549, 1751553950.119602, 1751553950.2124434, 1751553950.3103266, 1751553950.4046986, 1751553950.5006166, 1751553950.5975635, 1751553950.6930907, 1751553950.7929008, 1751553950.889653, 1751553950.9870229, 1751553951.0821292, 1751553951.1753976, 1751553951.2721338, 1751553951.390219, 1751553951.4859152, 1751553951.5835538, 1751553951.6855595, 1751553951.785381, 1751553951.8857718, 1751553951.9868772, 1751553952.088061, 1751553952.190769, 1751553952.2892652, 1751553952.3907185, 1751553952.4938316, 1751553952.5950634, 1751553952.6969216, 1751553952.7974026, 1751553952.8983865, 1751553953.0000653, 1751553953.0996003, 1751553953.199602, 1751553953.302009, 1751553953.4042718, 1751553953.5068316, 1751553953.6064963, 1751553953.708464, 1751553953.8078566, 1751553953.9091966, 1751553954.0096707, 1751553954.1114142, 1751553954.2131977, 1751553954.3139646, 1751553954.4151402, 1751553954.5162368, 1751553954.6191242, 1751553954.719491, 1751553954.8211632, 1751553954.923212, 1751553955.0291743, 1751553955.1367486, 1751553955.2413058, 1751553955.3455622, 1751553955.446763, 1751553955.5435395, 1751553955.6478283, 1751553955.7510653, 1751553955.8573968, 1751553955.9615378, 1751553956.0692554, 1751553956.1761491, 1751553956.2809854, 1751553956.3825498, 1751553956.4848444, 1751553956.5951393, 1751553956.7047572, 1751553956.809393, 1751553956.9304981, 1751553957.033694, 1751553957.1421022, 1751553957.253474, 1751553957.3637552, 1751553957.4747367, 1751553957.58539, 1751553957.6961565, 1751553957.8078506, 1751553957.9185407, 1751553958.028594, 1751553958.1417897, 1751553958.2525046, 1751553958.3571424, 1751553958.4634624, 1751553958.5723102, 1751553958.6850321, 1751553958.7981305, 1751553958.9091337, 1751553959.0205054, 1751553959.131752, 1751553959.2434232, 1751553959.3557096, 1751553959.4655576, 1751553959.577202, 1751553959.6960902, 1751553959.8084548, 1751553959.920184, 1751553960.031163, 1751553960.143049, 1751553960.2542686, 1751553960.3643215]"
1847,472,1375,"[1751553960.7683408, 1751553960.8826585, 1751553960.8835332, 1751553961.104077, 1751553961.1924765, 1751553961.2820792, 1751553961.3720386, 1751553961.4635153, 1751553961.5542607, 1751553961.6467466, 1751553961.736747, 1751553961.8279343, 1751553961.9193456, 1751553962.00979, 1751553962.100092, 1751553962.191935, 1751553962.2817075, 1751553962.3713882, 1751553962.461978, 1751553962.5541577, 1751553962.6433089, 1751553962.7351844, 1751553962.826699, 1751553962.9177997, 1751553963.0084803, 1751553963.1002882, 1751553963.1905906, 1751553963.279555, 1751553963.3717835, 1751553963.4632611, 1751553963.5543697, 1751553963.6444595, 1751553963.734959, 1751553963.825917, 1751553963.916174, 1751553964.0099702, 1751553964.1006775, 1751553964.1902921, 1751553964.2818177, 1751553964.3735137, 1751553964.4703288, 1751553964.5646749, 1751553964.6616814, 1751553964.757529, 1751553964.8527808, 1751553964.9476635, 1751553965.0406315, 1751553965.135954, 1751553965.2300425, 1751553965.3237529, 1751553965.4147456, 1751553965.510035, 1751553965.6100218, 1751553965.7144756, 1751553965.814592, 1751553965.9138665, 1751553966.0138946, 1751553966.1077101, 1751553966.2005548]"
2431,184,2247,"[1751553966.5641475, 1751553966.6598315, 1751553966.660751, 1751553967.0080397, 1751553967.0953062, 1751553967.186441, 1751553967.2762861, 1751553967.3665047, 1751553967.4572484, 1751553967.5495362, 1751553967.639948, 1751553967.7313936, 1751553967.8228729, 1751553967.9123225, 1751553968.0032027, 1751553968.095034, 1751553968.1864512, 1751553968.2774675, 1751553968.3681126, 1751553968.4588215, 1751553968.5501413, 1751553968.640158, 1751553968.7310276]"
3271,984,2287,"[1751553969.1147559, 1751553969.2137434, 1751553969.2148829, 1751553969.5623286, 1751553969.6478918, 1751553969.7351782, 1751553969.818696, 1751553969.9060977, 1751553969.9908762, 1751553970.0824583, 1751553970.1733887, 1751553970.2647793, 1751553970.3561838, 1751553970.4468327, 1751553970.5379643, 1751553970.6290402, 1751553970.7203991, 1751553970.8111842, 1751553970.9013965, 1751553970.9919782, 1751553971.0827138, 1751553971.1735556, 1751553971.2640998, 1751553971.3553789, 1751553971.4448724, 1751553971.536582, 1751553971.6260364, 1751553971.7166424, 1751553971.8059928, 1751553971.8958538, 1751553971.9852881, 1751553972.0756497, 1751553972.1669407, 1751553972.2584896, 1751553972.3518398, 1751553972.4484818, 1751553972.5389879, 1751553972.6301634, 1751553972.7215822, 1751553972.8141556, 1751553972.9095838, 1751553973.0019383, 1751553973.0936658, 1751553973.1830847, 1751553973.2759738, 1751553973.3743284, 1751553973.4717574, 1751553973.5660236, 1751553973.6601105, 1751553973.757005, 1751553973.8539097, 1751553973.9487588, 1751553974.048149, 1751553974.1450348, 1751553974.2416978, 1751553974.3414605, 1751553974.4395776, 1751553974.535608, 1751553974.6348126, 1751553974.7323215, 1751553974.8278184, 1751553974.9276586, 1751553975.0291414, 1751553975.1290302, 1751553975.2310588, 1751553975.3284059, 1751553975.4242463, 1751553975.522276, 1751553975.6235578, 1751553975.7262194, 1751553975.8271527, 1751553975.9264662, 1751553976.0278563, 1751553976.1293201, 1751553976.2307665, 1751553976.3309808, 1751553976.4329093, 1751553976.5356588, 1751553976.6338975, 1751553976.7346392, 1751553976.835767, 1751553976.9363854, 1751553977.0371761, 1751553977.1373389, 1751553977.241463, 1751553977.34171, 1751553977.442744, 1751553977.543882, 1751553977.6635008, 1751553977.7666113, 1751553977.8672938, 1751553977.968506, 1751553978.069407, 1751553978.1721354, 1751553978.271373, 1751553978.3722265, 1751553978.4735315, 1751553978.5740695, 1751553978.6754327, 1751553978.779571, 1751553978.8831148, 1751553978.9868474, 1751553979.0880296, 1751553979.1904085, 1751553979.293747, 1751553979.3962407, 1751553979.5015182, 1751553979.6029236, 1751553979.7076025, 1751553979.8121598, 1751553979.9168522, 1751553980.02326, 1751553980.1307652, 1751553980.2391589, 1751553980.3583047, 1751553980.468654, 1751553980.5760734, 1751553980.6823595, 1751553980.7929842, 1751553980.9021099, 1751553981.0130281, 1751553981.1181815, 1751553981.2258232]"
1671,440,1231,"[1751553981.6228838, 1751553981.7561429, 1751553981.756779, 1751553981.9211257, 1751553982.0119252, 1751553982.10566, 1751553982.193259, 1751553982.2813091, 1751553982.3644316, 1751553982.4568458, 1751553982.5480292, 1751553982.6394916, 1751553982.7311385, 1751553982.8221433, 1751553982.912569, 1751553983.0029824, 1751553983.0924022, 1751553983.1828337, 1751553983.27531, 1751553983.36643, 1751553983.4577417, 1751553983.548484, 1751553983.6396732, 1751553983.7304294, 1751553983.821266, 1751553983.912571, 1751553984.0022404, 1751553984.0931149, 1751553984.183498, 1751553984.2732334, 1751553984.3649778, 1751553984.4559903, 1751553984.5455313, 1751553984.6351552, 1751553984.7278771, 1751553984.8208797, 1751553984.9106236, 1751553985.001949, 1751553985.0929239, 1751553985.1836834, 1751553985.2752433, 1751553985.3663387, 1751553985.4567204, 1751553985.5506136, 1751553985.6462314, 1751553985.7411382, 1751553985.8372672, 1751553985.932107, 1751553986.0295978, 1751553986.125477, 1751553986.222806, 1751553986.3225334, 1751553986.4231, 1751553986.5237918, 1751553986.6223218]"
5047,1624,3423,"[1751553987.0376034, 1751553987.1310542, 1751553987.1319842, 1751553987.6599243, 1751553987.7460647, 1751553987.8355103, 1751553987.935215, 1751553988.0208538, 1751553988.1097734, 1751553988.2013469, 1751553988.2915053, 1751553988.3830369, 1751553988.474165, 1751553988.5645595, 1751553988.6552918, 1751553988.74643, 1751553988.8378806, 1751553988.9291341, 1751553989.0194888, 1751553989.1102471, 1751553989.2007706, 1751553989.2914913, 1751553989.382542, 1751553989.4732618, 1751553989.5627828, 1751553989.6556096, 1751553989.7454896, 1751553989.8349419, 1751553989.9273949, 1751553990.019002, 1751553990.1103792, 1751553990.2006638, 1751553990.29463, 1751553990.386249, 1751553990.4799924, 1751553990.573053, 1751553990.6615767, 1751553990.755244, 1751553990.8475695, 1751553990.9400258, 1751553991.0360596, 1751553991.1291564, 1751553991.2213042, 1751553991.3157034, 1751553991.4117393, 1751553991.50571, 1751553991.6012979, 1751553991.6973436, 1751553991.7932763, 1751553991.8897712, 1751553991.9864223, 1751553992.0832734, 1751553992.178291, 1751553992.2709382, 1751553992.3647943, 1751553992.460938, 1751553992.5606086, 1751553992.6617057, 1751553992.7627432, 1751553992.8609195, 1751553992.9537861, 1751553993.049736, 1751553993.1430924, 1751553993.2404408, 1751553993.3404312, 1751553993.439096, 1751553993.5406833, 1751553993.6423774, 1751553993.7433782, 1751553993.8454628, 1751553993.9456987, 1751553994.046887, 1751553994.1477208, 1751553994.2626064, 1751553994.362949, 1751553994.4619489, 1751553994.5632157, 1751553994.6641455, 1751553994.765134, 1751553994.8677886, 1751553994.965744, 1751553995.0655134, 1751553995.1681523, 1751553995.270398, 1751553995.3725739, 1751553995.4721856, 1751553995.5737557, 1751553995.6782541, 1751553995.7877924, 1751553995.8884363, 1751553995.9859686, 1751553996.0866354, 1751553996.1893358, 1751553996.2927692, 1751553996.3938131, 1751553996.4946516, 1751553996.595599, 1751553996.7022333, 1751553996.8054886, 1751553996.9064124, 1751553997.007873, 1751553997.1088793, 1751553997.2114944, 1751553997.3184366, 1751553997.421897, 1751553997.5267942, 1751553997.6325731, 1751553997.7414682, 1751553997.847279, 1751553997.9540386, 1751553998.0595477, 1751553998.1662579, 1751553998.269706, 1751553998.3757792, 1751553998.486661, 1751553998.5927365, 1751553998.7015862, 1751553998.8077924, 1751553998.9131675, 1751553999.024163, 1751553999.1351445, 1751553999.2463953, 1751553999.3577547, 1751553999.4644713, 1751553999.5720096, 1751553999.6820788, 1751553999.795414, 1751553999.9058573, 1751554000.015732, 1751554000.1266775, 1751554000.2381518, 1751554000.3491542, 1751554000.461572, 1751554000.5704377, 1751554000.6820877, 1751554000.793004, 1751554000.903792, 1751554001.0154817, 1751554001.126122, 1751554001.2374258, 1751554001.3537493, 1751554001.46059, 1751554001.5729787, 1751554001.6832998, 1751554001.7943435, 1751554001.9058316, 1751554002.0166671, 1751554002.128627, 1751554002.2394552, 1751554002.3502524, 1751554002.4615147, 1751554002.5726, 1751554002.682988, 1751554002.794388, 1751554002.9127324, 1751554003.0235102, 1751554003.1367106, 1751554003.2480009, 1751554003.3594756, 1751554003.4712276, 1751554003.581354, 1751554003.6916125, 1751554003.803861, 1751554003.9156187, 1751554004.027456, 1751554004.1382437, 1751554004.2549255, 1751554004.3712068, 1751554004.4913812, 1751554004.6098435, 1751554004.727624, 1751554004.844739, 1751554004.9611511, 1751554005.0760903, 1751554005.1932452, 1751554005.3084614, 1751554005.4272425, 1751554005.5421462, 1751554005.660627, 1751554005.7808058, 1751554005.8972065, 1751554006.016289, 1751554006.1389787, 1751554006.2585974, 1751554006.379161, 1751554006.4998693, 1751554006.6218994, 1751554006.7422209, 1751554006.8634126, 1751554006.9836037, 1751554007.1055872, 1751554007.2260306, 1751554007.346766, 1751554007.4662087, 1751554007.589815, 1751554007.7120097, 1751554007.8324986, 1751554007.9554489, 1751554008.075502, 1751554008.196157, 1751554008.3188105, 1751554008.4396372, 1751554008.560905]"
2743,608,2135,"[1751554009.0254145, 1751554009.1254518, 1751554009.1266592, 1751554009.4911752, 1751554009.580088, 1751554009.6700804, 1751554009.7601812, 1751554009.851094, 1751554009.9418325, 1751554010.0341394, 1751554010.1268678, 1751554010.217053, 1751554010.317942, 1751554010.408812, 1751554010.498306, 1751554010.5899835, 1751554010.680136, 1751554010.7712386, 1751554010.8625262, 1751554010.954272, 1751554011.044753, 1751554011.135396, 1751554011.226179, 1751554011.3182075, 1751554011.408324, 1751554011.5004017, 1751554011.5901947, 1751554011.6815734, 1751554011.7729268, 1751554011.8639421, 1751554011.9545593, 1751554012.0455055, 1751554012.1358352, 1751554012.2447915, 1751554012.3370605, 1751554012.4295495, 1751554012.5200012, 1751554012.6110785, 1751554012.7018564, 1751554012.7935038, 1751554012.8873968, 1751554012.9817498, 1751554013.0756578, 1751554013.1692364, 1751554013.2641592, 1751554013.358927, 1751554013.4512568, 1751554013.5472896, 1751554013.644357, 1751554013.740971, 1751554013.8405306, 1751554013.9404342, 1751554014.038958, 1751554014.1354334, 1751554014.2337384, 1751554014.335247, 1751554014.4358473, 1751554014.5346036, 1751554014.631171, 1751554014.7296302, 1751554014.8286014, 1751554014.9299912, 1751554015.030315, 1751554015.1306412, 1751554015.229506, 1751554015.322261, 1751554015.4183133, 1751554015.5164514, 1751554015.6140985, 1751554015.711562, 1751554015.8100603, 1751554015.9113035, 1751554016.0136738, 1751554016.1144407, 1751554016.215896, 1751554016.3172958]"
1143,320,823,"[1751554016.7229266, 1751554016.817264, 1751554016.8184624, 1751554016.9826841, 1751554017.0711188, 1751554017.1643877, 1751554017.2563283, 1751554017.347194, 1751554017.4380417, 1751554017.5269244, 1751554017.6205878, 1751554017.7129269, 1751554017.8037264, 1751554017.8939114, 1751554017.9851825, 1751554018.0764546, 1751554018.1691198, 1751554018.258394, 1751554018.3482237, 1751554018.4399023, 1751554018.5310175, 1751554018.6218724, 1751554018.7122195, 1751554018.8035522, 1751554018.8943946, 1751554018.986022, 1751554019.07484, 1751554019.1857939, 1751554019.2749891, 1751554019.3687327, 1751554019.4615893, 1751554019.5513847, 1751554019.6425567, 1751554019.7339344, 1751554019.8237698, 1751554019.9156306, 1751554020.0063076, 1751554020.0975718, 1751554020.1878436, 1751554020.2791348]"
1455,136,1319,"[1751554020.6665373, 1751554020.7655556, 1751554020.7664564, 1751554020.9962277, 1751554021.0860963, 1751554021.176387, 1751554021.2669895, 1751554021.3576646, 1751554021.4480515, 1751554021.5394104, 1751554021.6288323, 1751554021.7166388, 1751554021.8039029, 1751554021.8937058, 1751554021.9836974, 1751554022.0749004, 1751554022.1660354]"
1687,176,1511,"[1751554022.5148962, 1751554022.6388147, 1751554022.6399944, 1751554022.8462977, 1751554022.9334943, 1751554023.0218742, 1751554023.1132176, 1751554023.2046854, 1751554023.2957003, 1751554023.3866587, 1751554023.4769711, 1751554023.5681121, 1751554023.6594465, 1751554023.75041, 1751554023.841623, 1751554023.9329479, 1751554024.0242405, 1751554024.1140356, 1751554024.2036002, 1751554024.2959197, 1751554024.3855984, 1751554024.4782097]"
1607,256,1351,"[1751554024.8563614, 1751554024.9545424, 1751554024.9554574, 1751554025.1841366, 1751554025.273785, 1751554025.3645651, 1751554025.4555142, 1751554025.547165, 1751554025.6375694, 1751554025.7354848, 1751554025.82133, 1751554025.911971, 1751554026.003031, 1751554026.0935576, 1751554026.1852083, 1751554026.2762756, 1751554026.3670049, 1751554026.4576025, 1751554026.546777, 1751554026.6389573, 1751554026.7294955, 1751554026.8187532, 1751554026.9115684, 1751554027.003825, 1751554027.094304, 1751554027.1866782, 1751554027.276763, 1751554027.3677223, 1751554027.4571733, 1751554027.5468524, 1751554027.639124, 1751554027.7308788]"
1399,320,1079,"[1751554028.1067235, 1751554028.2078147, 1751554028.208481, 1751554028.4006054, 1751554028.4872167, 1751554028.577222, 1751554028.6689065, 1751554028.7603605, 1751554028.8485053, 1751554028.9407563, 1751554029.0304463, 1751554029.1228106, 1751554029.2141614, 1751554029.3049672, 1751554029.3968768, 1751554029.496952, 1751554029.5884857, 1751554029.6793594, 1751554029.7654924, 1751554029.849847, 1751554029.941506, 1751554030.0338047, 1751554030.124662, 1751554030.2159832, 1751554030.3066785, 1751554030.397669, 1751554030.4864936, 1751554030.5763876, 1751554030.6694055, 1751554030.761465, 1751554030.8527114, 1751554030.943631, 1751554031.033393, 1751554031.1230245, 1751554031.2146027, 1751554031.3085678, 1751554031.399113, 1751554031.4891582, 1751554031.5794127, 1751554031.6710348]"
2063,704,1359,"[1751554032.0771174, 1751554032.1936343, 1751554032.1948397, 1751554032.4163399, 1751554032.5073483, 1751554032.5965936, 1751554032.6845255, 1751554032.7691052, 1751554032.8605652, 1751554032.9518595, 1751554033.0420318, 1751554033.133679, 1751554033.225361, 1751554033.316046, 1751554033.4052675, 1751554033.4937804, 1751554033.5821595, 1751554033.6694036, 1751554033.7595522, 1751554033.8508115, 1751554033.9415526, 1751554034.032493, 1751554034.1230912, 1751554034.2138133, 1751554034.3060813, 1751554034.3978064, 1751554034.4876337, 1751554034.5790365, 1751554034.668872, 1751554034.7599988, 1751554034.8512108, 1751554034.9413154, 1751554035.031568, 1751554035.130923, 1751554035.2234805, 1751554035.3145895, 1751554035.4045036, 1751554035.4949105, 1751554035.584582, 1751554035.677319, 1751554035.7689302, 1751554035.8591375, 1751554035.9522662, 1751554036.0454857, 1751554036.1386955, 1751554036.231584, 1751554036.3250813, 1751554036.415841, 1751554036.5091956, 1751554036.604278, 1751554036.6993823, 1751554036.7966278, 1751554036.896544, 1751554036.9932735, 1751554037.0896158, 1751554037.1924477, 1751554037.2912178, 1751554037.391726, 1751554037.4891741, 1751554037.583697, 1751554037.6796975, 1751554037.7754164, 1751554037.875269, 1751554037.974547, 1751554038.0716925, 1751554038.1692877, 1751554038.265299, 1751554038.3611581, 1751554038.4618, 1751554038.5648248, 1751554038.663939, 1751554038.7658017, 1751554038.8661962, 1751554038.968192, 1751554039.070402, 1751554039.171129, 1751554039.2723308, 1751554039.3731253, 1751554039.4757593, 1751554039.5771675, 1751554039.675623, 1751554039.77691, 1751554039.8785267, 1751554039.9824667, 1751554040.0813067, 1751554040.1798697, 1751554040.2848232, 1751554040.3870974]"
1823,440,1383,"[1751554040.7915485, 1751554040.9050972, 1751554040.906166, 1751554041.1271174, 1751554041.219661, 1751554041.3101528, 1751554041.4003413, 1751554041.4910398, 1751554041.5817873, 1751554041.673777, 1751554041.764489, 1751554041.855654, 1751554041.946325, 1751554042.0371847, 1751554042.128084, 1751554042.2176795, 1751554042.310163, 1751554042.4009132, 1751554042.4913328, 1751554042.5826995, 1751554042.6706178, 1751554042.7592962, 1751554042.849518, 1751554042.9366617, 1751554043.0270152, 1751554043.1195042, 1751554043.2082121, 1751554043.2974956, 1751554043.3906815, 1751554043.4823184, 1751554043.5735946, 1751554043.66446, 1751554043.754177, 1751554043.8461118, 1751554043.9373333, 1751554044.029403, 1751554044.1185253, 1751554044.2101076, 1751554044.30267, 1751554044.398004, 1751554044.4947622, 1751554044.5896075, 1751554044.6859195, 1751554044.780304, 1751554044.874925, 1751554044.97035, 1751554045.1107926, 1751554045.2065804, 1751554045.3005266, 1751554045.3972428, 1751554045.4921753, 1751554045.5899904, 1751554045.6847599, 1751554045.7822902, 1751554045.8821828]"
1495,624,871,"[1751554046.2845929, 1751554046.3761375, 1751554046.3772187, 1751554046.548757, 1751554046.6395054, 1751554046.7301974, 1751554046.8196738, 1751554046.910505, 1751554047.0023148, 1751554047.0941882, 1751554047.1859777, 1751554047.2757251, 1751554047.3622916, 1751554047.4476588, 1751554047.5381842, 1751554047.629924, 1751554047.7212503, 1751554047.8114038, 1751554047.9021993, 1751554047.9931414, 1751554048.0838604, 1751554048.175043, 1751554048.2642138, 1751554048.3533843, 1751554048.4425519, 1751554048.5378156, 1751554048.6284506, 1751554048.7197702, 1751554048.8104618, 1751554048.9009848, 1751554048.9925752, 1751554049.0832705, 1751554049.1731834, 1751554049.2617903, 1751554049.3536096, 1751554049.4485176, 1751554049.5374174, 1751554049.6287913, 1751554049.7205405, 1751554049.8160262, 1751554049.9107566, 1751554050.0036016, 1751554050.0993872, 1751554050.194944, 1751554050.2923865, 1751554050.3880703, 1751554050.479272, 1751554050.5715957, 1751554050.6658425, 1751554050.7663016, 1751554050.8619354, 1751554050.958078, 1751554051.0542386, 1751554051.1498437, 1751554051.2461762, 1751554051.3431895, 1751554051.4425225, 1751554051.5438688, 1751554051.6449347, 1751554051.744887, 1751554051.840277, 1751554051.9405491, 1751554052.040669, 1751554052.1413193, 1751554052.2431989, 1751554052.3436725, 1751554052.4446363, 1751554052.5456705, 1751554052.6463583, 1751554052.7486882, 1751554052.8493752, 1751554052.949877, 1751554053.0514252, 1751554053.150282, 1751554053.251576, 1751554053.3529093, 1751554053.4542074, 1751554053.5557613]"
1295,280,1015,"[1751554053.935338, 1751554054.0284817, 1751554054.0293999, 1751554054.1899993, 1751554054.280783, 1751554054.3719938, 1751554054.4631429, 1751554054.556552, 1751554054.6470532, 1751554054.7382717, 1751554054.827653, 1751554054.9188998, 1751554055.0103946, 1751554055.1015413, 1751554055.1929877, 1751554055.2833724, 1751554055.375211, 1751554055.4644773, 1751554055.5542297, 1751554055.646314, 1751554055.7479782, 1751554055.8410091, 1751554055.9296634, 1751554056.0201762, 1751554056.1076806, 1751554056.2002614, 1751554056.2917814, 1751554056.3835435, 1751554056.4717407, 1751554056.564112, 1751554056.6557808, 1751554056.7462623, 1751554056.8371043, 1751554056.92955, 1751554057.01784]"
1335,232,1103,"[1751554057.3922513, 1751554057.4978118, 1751554057.4990036, 1751554057.6991253, 1751554057.7864907, 1751554057.8763177, 1751554057.968023, 1751554058.0585072, 1751554058.1463046, 1751554058.2356267, 1751554058.3220642, 1751554058.4124823, 1751554058.5027099, 1751554058.5943768, 1751554058.6847394, 1751554058.7745624, 1751554058.8660707, 1751554058.95815, 1751554059.0492308, 1751554059.140868, 1751554059.2315407, 1751554059.3224833, 1751554059.4132621, 1751554059.5042017, 1751554059.5940633, 1751554059.683611, 1751554059.7759833, 1751554059.868269, 1751554059.9582124]"
2727,760,1967,"[1751554060.3603027, 1751554060.4833846, 1751554060.4845593, 1751554060.7523596, 1751554060.8435516, 1751554060.9349072, 1751554061.0261083, 1751554061.117825, 1751554061.2083812, 1751554061.3004391, 1751554061.3908875, 1751554061.4817886, 1751554061.57328, 1751554061.6587722, 1751554061.7519145, 1751554061.843476, 1751554061.93579, 1751554062.0257022, 1751554062.1153915, 1751554062.2054346, 1751554062.2980218, 1751554062.390506, 1751554062.480908, 1751554062.5718048, 1751554062.6628377, 1751554062.7550595, 1751554062.8447852, 1751554062.9358294, 1751554063.0255365, 1751554063.116394, 1751554063.206004, 1751554063.296235, 1751554063.3894567, 1751554063.48057, 1751554063.571115, 1751554063.663928, 1751554063.7538161, 1751554063.849941, 1751554063.9437406, 1751554064.0366497, 1751554064.1293955, 1751554064.2222002, 1751554064.3168752, 1751554064.4104564, 1751554064.5027876, 1751554064.6002014, 1751554064.6993883, 1751554064.7949474, 1751554064.891527, 1751554064.9876387, 1751554065.08527, 1751554065.1806636, 1751554065.27495, 1751554065.371995, 1751554065.4641378, 1751554065.5563397, 1751554065.6503057, 1751554065.745533, 1751554065.8417058, 1751554065.9419792, 1751554066.0424197, 1751554066.1426806, 1751554066.2404644, 1751554066.33291, 1751554066.4269016, 1751554066.524246, 1751554066.620723, 1751554066.718556, 1751554066.8197184, 1751554066.9227526, 1751554067.0213122, 1751554067.1227279, 1751554067.2235532, 1751554067.325233, 1751554067.4274197, 1751554067.5289626, 1751554067.6294594, 1751554067.7307184, 1751554067.8311489, 1751554067.9336731, 1751554068.0328443, 1751554068.1342106, 1751554068.2342942, 1751554068.3349063, 1751554068.436609, 1751554068.5360293, 1751554068.6386788, 1751554068.7400513, 1751554068.8409777, 1751554068.9449022, 1751554069.0422864, 1751554069.14153, 1751554069.2449527, 1751554069.3475966, 1751554069.4471362]"
1951,344,1607,"[1751554069.855445, 1751554069.9768772, 1751554069.9780633, 1751554070.255146, 1751554070.3521383, 1751554070.445472, 1751554070.5358715, 1751554070.6275115, 1751554070.7182367, 1751554070.8100348, 1751554070.8996215, 1751554070.990659, 1751554071.0810804, 1751554071.1669338, 1751554071.253535, 1751554071.3449223, 1751554071.435788, 1751554071.5267863, 1751554071.6177642, 1751554071.7089534, 1751554071.7979722, 1751554071.8902442, 1751554071.9803116, 1751554072.0719802, 1751554072.1628237, 1751554072.2547722, 1751554072.3447428, 1751554072.4350684, 1751554072.5263495, 1751554072.6177216, 1751554072.7087293, 1751554072.7992897, 1751554072.8902235, 1751554072.981431, 1751554073.0732896, 1751554073.1670854, 1751554073.2612147, 1751554073.3539753, 1751554073.4518924, 1751554073.5455124, 1751554073.636923, 1751554073.7299058, 1751554073.8246405]"
2095,664,1431,"[1751554074.2375686, 1751554074.3574424, 1751554074.3588865, 1751554074.563626, 1751554074.6550813, 1751554074.7462294, 1751554074.835919, 1751554074.926571, 1751554075.017569, 1751554075.1096168, 1751554075.2004604, 1751554075.2916398, 1751554075.3829129, 1751554075.47383, 1751554075.563402, 1751554075.655352, 1751554075.7470312, 1751554075.8375275, 1751554075.9281883, 1751554076.018889, 1751554076.1097927, 1751554076.2013543, 1751554076.2903492, 1751554076.3823247, 1751554076.4716964, 1751554076.56332, 1751554076.6533031, 1751554076.742226, 1751554076.83311, 1751554076.9248512, 1751554077.0194082, 1751554077.1096961, 1751554077.2001016, 1751554077.2912679, 1751554077.3832302, 1751554077.476734, 1751554077.5711882, 1751554077.6659906, 1751554077.7565696, 1751554077.851604, 1751554077.9477081, 1751554078.05172, 1751554078.1456676, 1751554078.2389753, 1751554078.3282254, 1751554078.4211342, 1751554078.5135086, 1751554078.611234, 1751554078.7106767, 1751554078.808352, 1751554078.9052744, 1751554079.0045645, 1751554079.1043541, 1751554079.2055998, 1751554079.3071237, 1751554079.40887, 1751554079.5081077, 1751554079.6094203, 1751554079.7107599, 1751554079.8133464, 1751554079.9129226, 1751554080.0150888, 1751554080.1155684, 1751554080.2162883, 1751554080.3185968, 1751554080.41688, 1751554080.5176773, 1751554080.6185153, 1751554080.72102, 1751554080.821656, 1751554080.9217432, 1751554081.022789, 1751554081.1238482, 1751554081.2256634, 1751554081.3275807, 1751554081.4279253, 1751554081.529953, 1751554081.6315925, 1751554081.7321258, 1751554081.8342001, 1751554081.934812, 1751554082.0350158, 1751554082.1367154]"
1727,232,1495,"[1751554082.5416346, 1751554082.6604915, 1751554082.6617007, 1751554082.8864112, 1751554082.9742951, 1751554083.0646098, 1751554083.1546729, 1751554083.2455323, 1751554083.335582, 1751554083.423248, 1751554083.5097487, 1751554083.6002338, 1751554083.6916006, 1751554083.7827678, 1751554083.873125, 1751554083.9647648, 1751554084.056233, 1751554084.14569, 1751554084.2374153, 1751554084.3293543, 1751554084.4199486, 1751554084.5109644, 1751554084.60157, 1751554084.6927116, 1751554084.7830322, 1751554084.8745694, 1751554084.9645176, 1751554085.05464, 1751554085.146108]"
1367,192,1175,"[1751554085.5290558, 1751554085.6393843, 1751554085.640581, 1751554085.836543, 1751554085.9247684, 1751554086.0151458, 1751554086.1037672, 1751554086.1927867, 1751554086.2775946, 1751554086.3683197, 1751554086.4586837, 1751554086.5502439, 1751554086.641821, 1751554086.7325578, 1751554086.8227684, 1751554086.9142148, 1751554087.0060463, 1751554087.096883, 1751554087.18729, 1751554087.278209, 1751554087.3681712, 1751554087.459001, 1751554087.5497484, 1751554087.6400397]"
1551,344,1207,"[1751554088.0109053, 1751554088.1150446, 1751554088.1162376, 1751554088.3100498, 1751554088.396741, 1751554088.4883742, 1751554088.577786, 1751554088.668524, 1751554088.7589939, 1751554088.8509088, 1751554088.9405959, 1751554089.0320718, 1751554089.1235104, 1751554089.2140148, 1751554089.3043785, 1751554089.3957045, 1751554089.4870994, 1751554089.5774934, 1751554089.667215, 1751554089.759367, 1751554089.8484097, 1751554089.937961, 1751554090.0289323, 1751554090.1192784, 1751554090.2118165, 1751554090.3048785, 1751554090.3941429, 1751554090.4856207, 1751554090.5760696, 1751554090.6675656, 1751554090.761185, 1751554090.8488839, 1751554090.945747, 1751554091.0402994, 1751554091.1318915, 1751554091.2250617, 1751554091.315959, 1751554091.4070137, 1751554091.4987526, 1751554091.5913975, 1751554091.6873198, 1751554091.77985, 1751554091.8724084]"
2375,800,1575,"[1751554092.2618377, 1751554092.380311, 1751554092.3814976, 1751554092.6374445, 1751554092.728106, 1751554092.8186102, 1751554092.9074175, 1751554092.9984226, 1751554093.087809, 1751554093.176963, 1751554093.2687862, 1751554093.359171, 1751554093.4492447, 1751554093.5381525, 1751554093.6240015, 1751554093.7152882, 1751554093.8073204, 1751554093.8979676, 1751554093.988882, 1751554094.0799603, 1751554094.1701527, 1751554094.261631, 1751554094.351917, 1751554094.4435785, 1751554094.5331426, 1751554094.6249256, 1751554094.7146423, 1751554094.8031366, 1751554094.8923821, 1751554094.983522, 1751554095.0786996, 1751554095.1692226, 1751554095.2595744, 1751554095.3501809, 1751554095.440564, 1751554095.5331109, 1751554095.6222212, 1751554095.717449, 1751554095.8118756, 1751554095.9056737, 1751554095.9977252, 1751554096.0909946, 1751554096.1832495, 1751554096.2784328, 1751554096.372726, 1751554096.4684772, 1751554096.5633745, 1751554096.6601772, 1751554096.754866, 1751554096.8522146, 1751554096.954371, 1751554097.053734, 1751554097.1500282, 1751554097.246572, 1751554097.344179, 1751554097.4403148, 1751554097.537188, 1751554097.6320028, 1751554097.7269888, 1751554097.824227, 1751554097.9218874, 1751554098.0225904, 1751554098.1236632, 1751554098.2247658, 1751554098.324199, 1751554098.4171803, 1751554098.5169082, 1751554098.6186922, 1751554098.7189498, 1751554098.8220303, 1751554098.9220676, 1751554099.0235932, 1751554099.1248686, 1751554099.2266202, 1751554099.3286827, 1751554099.4271882, 1751554099.5300384, 1751554099.631998, 1751554099.7324724, 1751554099.833856, 1751554099.933309, 1751554100.0334923, 1751554100.1345053, 1751554100.2360747, 1751554100.3423939, 1751554100.438182, 1751554100.5402672, 1751554100.6413739, 1751554100.7425034, 1751554100.8435247, 1751554100.9440033, 1751554101.0452862, 1751554101.1464205, 1751554101.249244, 1751554101.3564856, 1751554101.459238, 1751554101.5593688, 1751554101.6607144, 1751554101.7628915, 1751554101.8639874]"
2863,920,1943,"[1751554102.2741542, 1751554102.3872945, 1751554102.3882015, 1751554102.67319, 1751554102.7602391, 1751554102.8505254, 1751554102.9397, 1751554103.031332, 1751554103.1171904, 1751554103.2051423, 1751554103.2958477, 1751554103.386573, 1751554103.477507, 1751554103.5675035, 1751554103.6579483, 1751554103.7493494, 1751554103.8402746, 1751554103.931368, 1751554104.020468, 1751554104.1113014, 1751554104.2033465, 1751554104.2958083, 1751554104.3859513, 1751554104.476631, 1751554104.5678635, 1751554104.660638, 1751554104.750122, 1751554104.8406112, 1751554104.932199, 1751554105.0232773, 1751554105.115203, 1751554105.2051082, 1751554105.2970493, 1751554105.3872056, 1751554105.4777436, 1751554105.5690923, 1751554105.6594229, 1751554105.7508354, 1751554105.8412874, 1751554105.9332447, 1751554106.0261683, 1751554106.1185992, 1751554106.212931, 1751554106.3070755, 1751554106.3998752, 1751554106.4972665, 1751554106.5887256, 1751554106.687492, 1751554106.7831724, 1751554106.8779786, 1751554106.9730911, 1751554107.068684, 1751554107.1622608, 1751554107.2529376, 1751554107.3456604, 1751554107.4448946, 1751554107.5439734, 1751554107.6426146, 1751554107.7384412, 1751554107.8386793, 1751554107.937118, 1751554108.0386808, 1751554108.134059, 1751554108.229251, 1751554108.3287556, 1751554108.4252863, 1751554108.5241215, 1751554108.6254828, 1751554108.7263124, 1751554108.8286152, 1751554108.9284399, 1751554109.0304554, 1751554109.1270633, 1751554109.225121, 1751554109.32522, 1751554109.4261048, 1751554109.526111, 1751554109.6278133, 1751554109.7271554, 1751554109.8300803, 1751554109.9307425, 1751554110.03136, 1751554110.131912, 1751554110.2305493, 1751554110.334589, 1751554110.4352753, 1751554110.5355403, 1751554110.6371417, 1751554110.7380347, 1751554110.84267, 1751554110.9440877, 1751554111.0480368, 1751554111.1519408, 1751554111.272753, 1751554111.3746178, 1751554111.4755337, 1751554111.5770633, 1751554111.6782153, 1751554111.7800517, 1751554111.87961, 1751554111.979771, 1751554112.0815203, 1751554112.1829238, 1751554112.2872434, 1751554112.3925471, 1751554112.4974136, 1751554112.6033797, 1751554112.7075756, 1751554112.8089266, 1751554112.9165177, 1751554113.0207205, 1751554113.1243427, 1751554113.2318766, 1751554113.3417275, 1751554113.4460185]"
1975,224,1751,"[1751554113.8553233, 1751554113.9711616, 1751554113.9720266, 1751554114.2318356, 1751554114.322967, 1751554114.41431, 1751554114.5054114, 1751554114.596058, 1751554114.6869469, 1751554114.779194, 1751554114.869697, 1751554114.961263, 1751554115.052511, 1751554115.143276, 1751554115.2336075, 1751554115.325312, 1751554115.4167469, 1751554115.5082211, 1751554115.5978596, 1751554115.6953025, 1751554115.789582, 1751554115.881496, 1751554115.9723902, 1751554116.0638611, 1751554116.155435, 1751554116.2459552, 1751554116.3370445, 1751554116.4283497]"
1407,464,943,"[1751554116.8013556, 1751554116.8964467, 1751554116.8976362, 1751554117.0562835, 1751554117.1452196, 1751554117.2365153, 1751554117.3262813, 1751554117.4160497, 1751554117.5090654, 1751554117.6007073, 1751554117.6904047, 1751554117.780298, 1751554117.8716652, 1751554117.963434, 1751554118.0530152, 1751554118.1437693, 1751554118.2356632, 1751554118.324031, 1751554118.4157798, 1751554118.5068421, 1751554118.5978205, 1751554118.687747, 1751554118.7788925, 1751554118.869025, 1751554118.9607608, 1751554119.053124, 1751554119.142963, 1751554119.2340484, 1751554119.3254278, 1751554119.4148178, 1751554119.5073504, 1751554119.5965986, 1751554119.6900952, 1751554119.7794588, 1751554119.8691127, 1751554119.9629104, 1751554120.0580628, 1751554120.1523643, 1751554120.24423, 1751554120.3372324, 1751554120.4335947, 1751554120.5272903, 1751554120.6207952, 1751554120.7162766, 1751554120.8133376, 1751554120.9103453, 1751554121.0091336, 1751554121.1072023, 1751554121.2034767, 1751554121.2995079, 1751554121.3950064, 1751554121.484303, 1751554121.575539, 1751554121.6749053, 1751554121.7747672, 1751554121.8729522, 1751554121.9689305, 1751554122.0695846]"
1591,240,1351,"[1751554122.4379826, 1751554122.543757, 1751554122.5446715, 1751554122.7783532, 1751554122.8819506, 1751554122.9697998, 1751554123.0595787, 1751554123.1506536, 1751554123.2416348, 1751554123.3332028, 1751554123.4236324, 1751554123.51477, 1751554123.606872, 1751554123.6972532, 1751554123.7882698, 1751554123.8785942, 1751554123.970272, 1751554124.0601902, 1751554124.1522677, 1751554124.2403083, 1751554124.332816, 1751554124.4229844, 1751554124.5136256, 1751554124.6054704, 1751554124.6971738, 1751554124.7890244, 1751554124.8785062, 1751554124.9689517, 1751554125.0591624, 1751554125.150419]"
2287,192,2095,"[1751554125.524633, 1751554125.6224396, 1751554125.6236289, 1751554125.9919503, 1751554126.0790823, 1751554126.169584, 1751554126.2593353, 1751554126.350735, 1751554126.4411085, 1751554126.5329957, 1751554126.6223109, 1751554126.7130842, 1751554126.8058143, 1751554126.8959677, 1751554126.986672, 1751554127.0784829, 1751554127.1676052, 1751554127.2592144, 1751554127.3504002, 1751554127.4409308, 1751554127.5315077, 1751554127.6233976, 1751554127.7139726, 1751554127.8058012]"
2887,416,2471,"[1751554128.1894438, 1751554128.296577, 1751554128.2980745, 1751554128.662149, 1751554128.7522228, 1751554128.8430586, 1751554128.9328697, 1751554129.0238123, 1751554129.1585457, 1751554129.2479644, 1751554129.3377316, 1751554129.4267926, 1751554129.5198486, 1751554129.6112623, 1751554129.701661, 1751554129.7930517, 1751554129.8851924, 1751554129.9747381, 1751554130.066114, 1751554130.1566858, 1751554130.2454054, 1751554130.3468401, 1751554130.4383757, 1751554130.5281768, 1751554130.6208618, 1751554130.7124326, 1751554130.802114, 1751554130.892951, 1751554130.9843295, 1751554131.0751698, 1751554131.1669967, 1751554131.2567735, 1751554131.3475673, 1751554131.4373362, 1751554131.5269194, 1751554131.6202724, 1751554131.7102487, 1751554131.8023038, 1751554131.8954976, 1751554131.9898112, 1751554132.0849607, 1751554132.1808991, 1751554132.2759016, 1751554132.3679242, 1751554132.459127, 1751554132.555198, 1751554132.6487215, 1751554132.7405388, 1751554132.8349552, 1751554132.929409, 1751554133.0250576, 1751554133.1207108]"
1423,136,1287,"[1751554133.5165124, 1751554133.62645, 1751554133.6276307, 1751554133.8425338, 1751554133.9323256, 1751554134.0224254, 1751554134.1121595, 1751554134.2022977, 1751554134.2933834, 1751554134.385972, 1751554134.4765995, 1751554134.5684035, 1751554134.6581082, 1751554134.7476785, 1751554134.8398883, 1751554134.9314816, 1751554135.0220857]"
1199,424,775,"[1751554135.4084847, 1751554135.497274, 1751554135.4988658, 1751554135.666334, 1751554135.7579362, 1751554135.8494046, 1751554135.9403465, 1751554136.0315795, 1751554136.121452, 1751554136.2138321, 1751554136.3040504, 1751554136.3957872, 1751554136.485373, 1751554136.5748682, 1751554136.665785, 1751554136.7581198, 1751554136.8488047, 1751554136.9360309, 1751554137.026986, 1751554137.12043, 1751554137.2118893, 1751554137.303259, 1751554137.3938231, 1751554137.4852965, 1751554137.5754397, 1751554137.6670978, 1751554137.756812, 1751554137.8469431, 1751554137.9390333, 1751554138.029692, 1751554138.1210573, 1751554138.2111194, 1751554138.3025558, 1751554138.393923, 1751554138.4839609, 1751554138.5763514, 1751554138.6718976, 1751554138.7657313, 1751554138.856131, 1751554138.9473743, 1751554139.0394611, 1751554139.131916, 1751554139.223948, 1751554139.3187432, 1751554139.4121842, 1751554139.507921, 1751554139.6011014, 1751554139.6939278, 1751554139.7855544, 1751554139.8800864, 1751554139.9754965, 1751554140.0729778, 1751554140.16877]"
2135,1072,1063,"[1751554140.563642, 1751554140.6756587, 1751554140.6765943, 1751554140.8659873, 1751554140.9544892, 1751554141.0453084, 1751554141.1355436, 1751554141.228885, 1751554141.317662, 1751554141.4081979, 1751554141.499199, 1751554141.5904756, 1751554141.681322, 1751554141.7729142, 1751554141.8824883, 1751554141.9741936, 1751554142.0673306, 1751554142.1582146, 1751554142.2494357, 1751554142.3404787, 1751554142.4302955, 1751554142.522905, 1751554142.614075, 1751554142.7052002, 1751554142.7959628, 1751554142.8875422, 1751554142.9780526, 1751554143.0684607, 1751554143.1583004, 1751554143.2496507, 1751554143.3404822, 1751554143.4296625, 1751554143.5219116, 1751554143.6130197, 1751554143.7038121, 1751554143.797015, 1751554143.8851948, 1751554143.9750366, 1751554144.0663798, 1751554144.1579142, 1751554144.2691305, 1751554144.3614645, 1751554144.458772, 1751554144.5540633, 1751554144.6470351, 1751554144.7438273, 1751554144.839351, 1751554144.9351366, 1751554145.0315452, 1751554145.1275504, 1751554145.2284772, 1751554145.3292446, 1751554145.4252648, 1751554145.5213284, 1751554145.6195664, 1751554145.7266712, 1751554145.822874, 1751554145.923282, 1751554146.024115, 1751554146.1238647, 1751554146.2174404, 1751554146.3174782, 1751554146.4177406, 1751554146.5179048, 1751554146.6143, 1751554146.7127364, 1751554146.813543, 1751554146.9149797, 1751554147.0163138, 1751554147.119453, 1751554147.2182086, 1751554147.3190858, 1751554147.4200501, 1751554147.521744, 1751554147.6236925, 1751554147.7239723, 1751554147.8249726, 1751554147.9258678, 1751554148.0259254, 1751554148.1283376, 1751554148.2285504, 1751554148.3297937, 1751554148.4316869, 1751554148.5321147, 1751554148.633889, 1751554148.734377, 1751554148.8336098, 1751554148.9358182, 1751554149.0371275, 1751554149.138176, 1751554149.2393253, 1751554149.3407683, 1751554149.4411464, 1751554149.5445445, 1751554149.645553, 1751554149.7465756, 1751554149.8488274, 1751554149.9538558, 1751554150.0569313, 1751554150.1578226, 1751554150.2587478, 1751554150.3663642, 1751554150.472446, 1751554150.5781736, 1751554150.6816163, 1751554150.78503, 1751554150.8911018, 1751554150.9951155, 1751554151.097025, 1751554151.2040193, 1751554151.3105114, 1751554151.4165206, 1751554151.5263002, 1751554151.6345358, 1751554151.7402325, 1751554151.8497822, 1751554151.9600534, 1751554152.0711486, 1751554152.182681, 1751554152.293166, 1751554152.40179, 1751554152.5080159, 1751554152.617622, 1751554152.7293313, 1751554152.839035, 1751554152.9506416, 1751554153.0606964, 1751554153.1734695, 1751554153.2834964, 1751554153.394658, 1751554153.5053499, 1751554153.616673, 1751554153.7289872, 1751554153.8399887]"
1439,320,1119,"[1751554154.279794, 1751554154.3847542, 1751554154.3856957, 1751554154.5847564, 1751554154.674902, 1751554154.7655742, 1751554154.8580604, 1751554154.9479504, 1751554155.036401, 1751554155.1295981, 1751554155.2203696, 1751554155.312244, 1751554155.403487, 1751554155.4937513, 1751554155.585015, 1751554155.676215, 1751554155.7672274, 1751554155.8549836, 1751554155.9421055, 1751554156.029218, 1751554156.119485, 1751554156.2103388, 1751554156.3010566, 1751554156.392716, 1751554156.4833038, 1751554156.575579, 1751554156.6645455, 1751554156.7542617, 1751554156.8468308, 1751554156.937239, 1751554157.0273068, 1751554157.1202977, 1751554157.2109818, 1751554157.3024685, 1751554157.392516, 1751554157.4849453, 1751554157.574837, 1751554157.6648178, 1751554157.7560346, 1751554157.8473563]"
1767,552,1215,"[1751554158.2371469, 1751554158.3497484, 1751554158.3509376, 1751554158.5372164, 1751554158.6235425, 1751554158.7149057, 1751554158.8041441, 1751554158.895443, 1751554158.985438, 1751554159.0764194, 1751554159.1673024, 1751554159.2592645, 1751554159.350924, 1751554159.441421, 1751554159.5320666, 1751554159.6229622, 1751554159.7145746, 1751554159.8208904, 1751554159.907713, 1751554159.9984622, 1751554160.0890627, 1751554160.1799161, 1751554160.2747571, 1751554160.3732615, 1751554160.4621181, 1751554160.5536697, 1751554160.6425204, 1751554160.7342086, 1751554160.824474, 1751554160.9164321, 1751554161.0075412, 1751554161.0971754, 1751554161.1881351, 1751554161.2794497, 1751554161.3702297, 1751554161.4629595, 1751554161.5545282, 1751554161.6452353, 1751554161.736323, 1751554161.8324847, 1751554161.9276838, 1751554162.0174122, 1751554162.113945, 1751554162.208871, 1751554162.305366, 1751554162.3999157, 1751554162.4895742, 1751554162.5816262, 1751554162.6742692, 1751554162.7668397, 1751554162.8626735, 1751554162.9588974, 1751554163.053827, 1751554163.1495423, 1751554163.245049, 1751554163.3430963, 1751554163.4388373, 1751554163.5399365, 1751554163.6397436, 1751554163.7421086, 1751554163.8424141, 1751554163.9408438, 1751554164.035642, 1751554164.1355405, 1751554164.2368078, 1751554164.3366344, 1751554164.438235, 1751554164.5400496, 1751554164.639546]"
2663,192,2471,"[1751554165.0295577, 1751554165.1205606, 1751554165.121745, 1751554165.5037913, 1751554165.5870783, 1751554165.6795015, 1751554165.7711482, 1751554165.8621979, 1751554165.9531376, 1751554166.0446608, 1751554166.1343489, 1751554166.2265785, 1751554166.3182313, 1751554166.4095201, 1751554166.4997864, 1751554166.5914567, 1751554166.683017, 1751554166.7737637, 1751554166.8633733, 1751554166.9552014, 1751554167.0454075, 1751554167.137706, 1751554167.2277281, 1751554167.3185248]"
2287,376,1911,"[1751554167.6796875, 1751554167.8087792, 1751554167.810247, 1751554168.0551574, 1751554168.1427567, 1751554168.2385478, 1751554168.328132, 1751554168.4186993, 1751554168.5072188, 1751554168.5926805, 1751554168.680729, 1751554168.7724044, 1751554168.8641794, 1751554168.955448, 1751554169.0461009, 1751554169.1370978, 1751554169.2282324, 1751554169.3191185, 1751554169.409203, 1751554169.5013814, 1751554169.5916526, 1751554169.6825664, 1751554169.7734923, 1751554169.8648818, 1751554169.954918, 1751554170.0473742, 1751554170.1377182, 1751554170.2274911, 1751554170.3177714, 1751554170.4104633, 1751554170.5003378, 1751554170.5903473, 1751554170.6955895, 1751554170.7863345, 1751554170.8743653, 1751554170.9668903, 1751554171.0570538, 1751554171.1475549, 1751554171.239528, 1751554171.3307078, 1751554171.4210799, 1751554171.5115335, 1751554171.6021094, 1751554171.6936913, 1751554171.7873058, 1751554171.8838122, 1751554171.9767087]"
1559,448,1111,"[1751554172.377631, 1751554172.4849021, 1751554172.485811, 1751554172.685179, 1751554172.7740564, 1751554172.8652198, 1751554172.9559402, 1751554173.04805, 1751554173.1373072, 1751554173.2287438, 1751554173.3197005, 1751554173.410694, 1751554173.5014753, 1751554173.5922506, 1751554173.679273, 1751554173.7709777, 1751554173.8646894, 1751554173.9561372, 1751554174.0469353, 1751554174.138574, 1751554174.2281835, 1751554174.3193426, 1751554174.4102786, 1751554174.50258, 1751554174.5936801, 1751554174.6863513, 1751554174.7759435, 1751554174.866349, 1751554174.958115, 1751554175.0511174, 1751554175.1417978, 1751554175.2342765, 1751554175.3239741, 1751554175.413913, 1751554175.504713, 1751554175.5968375, 1751554175.6968558, 1751554175.78997, 1751554175.8791997, 1751554175.9708953, 1751554176.063411, 1751554176.1584854, 1751554176.2520638, 1751554176.3427377, 1751554176.4347508, 1751554176.5298386, 1751554176.6198516, 1751554176.7154367, 1751554176.810945, 1751554176.9074013, 1751554177.008815, 1751554177.10415, 1751554177.1961608, 1751554177.2918417, 1751554177.387194, 1751554177.4845288]"
1111,248,863,"[1751554177.8816752, 1751554177.973009, 1751554177.973821, 1751554178.1497085, 1751554178.241093, 1751554178.3327036, 1751554178.4242814, 1751554178.5148344, 1751554178.6060882, 1751554178.6972675, 1751554178.7885346, 1751554178.8816857, 1751554178.9701188, 1751554179.0596564, 1751554179.1497486, 1751554179.2398095, 1751554179.3324728, 1751554179.4238267, 1751554179.5140643, 1751554179.6022918, 1751554179.6918426, 1751554179.7857914, 1751554179.8789232, 1751554179.9706964, 1751554180.0609934, 1751554180.1531668, 1751554180.2430532, 1751554180.3345425, 1751554180.4248593, 1751554180.5166419, 1751554180.6063125]"
1351,264,1087,"[1751554180.9881911, 1751554181.0964909, 1751554181.097712, 1751554181.294249, 1751554181.3839383, 1751554181.4756637, 1751554181.5677774, 1751554181.6579366, 1751554181.7473202, 1751554181.8391669, 1751554181.9299262, 1751554182.021221, 1751554182.1131532, 1751554182.2064347, 1751554182.2938325, 1751554182.3859937, 1751554182.4776113, 1751554182.5670016, 1751554182.6580358, 1751554182.750312, 1751554182.839347, 1751554182.9312737, 1751554183.0210502, 1751554183.110051, 1751554183.2027376, 1751554183.2953062, 1751554183.3853366, 1751554183.476489, 1751554183.5671055, 1751554183.6572547, 1751554183.7478776, 1751554183.8401465, 1751554183.9520643]"
