total_saved,gc_saved,trie_atten_saved,time_took
471,154,317,"[1751423826.9803166, 1751423828.7035625, 1751423828.9309008, 1751423829.4297957, 1751423829.493419, 1751423829.5617237, 1751423829.6289182, 1751423829.6934292, 1751423829.7604506, 1751423829.8236954, 1751423829.8843746, 1751423829.9453666, 1751423830.013491, 1751423830.0764675, 1751423830.1378791, 1751423830.2029333, 1751423830.2666988, 1751423830.3297095, 1751423830.3900409, 1751423830.4525092, 1751423830.5185592, 1751423830.5815797, 1751423830.6434107, 1751423830.7101111, 1751423830.7731917, 1751423830.8379664, 1751423830.9040387, 1751423830.9751282, 1751423831.0439541, 1751423831.1082125, 1751423831.1762967, 1751423831.2440796, 1751423831.3098178, 1751423831.377474, 1751423831.4400377, 1751423831.505415, 1751423831.569931, 1751423831.6344142, 1751423831.7012694, 1751423831.770558, 1751423831.833889, 1751423831.8973546, 1751423831.9631433, 1751423832.0263762, 1751423832.0946064, 1751423832.1936133, 1751423832.267375, 1751423832.3367429, 1751423832.403382, 1751423832.4704332, 1751423832.5392601, 1751423832.6034007, 1751423832.671611, 1751423832.7374308, 1751423832.807048, 1751423832.8745928, 1751423832.943973, 1751423833.0501523, 1751423833.1183093, 1751423833.1863086, 1751423833.2511473, 1751423833.318421, 1751423833.3860567, 1751423833.4516833, 1751423833.5198102, 1751423833.5852609, 1751423833.6525986, 1751423833.723806, 1751423833.7932172, 1751423833.863738, 1751423833.9335477, 1751423834.0018146, 1751423834.0692718, 1751423834.13996, 1751423834.2144074, 1751423834.280972, 1751423834.3488333]"
615,292,323,"[1751423834.7085345, 1751423834.8659408, 1751423834.8665779, 1751423834.9300482, 1751423834.9965084, 1751423835.0572534, 1751423835.137702, 1751423835.2002683, 1751423835.2604232, 1751423835.322366, 1751423835.3898513, 1751423835.4532785, 1751423835.5149798, 1751423835.5814364, 1751423835.6445098, 1751423835.7061546, 1751423835.7680721, 1751423835.8340232, 1751423835.8976967, 1751423835.962804, 1751423836.028433, 1751423836.0937948, 1751423836.1591709, 1751423836.2223718, 1751423836.290459, 1751423836.3528497, 1751423836.4170964, 1751423836.482936, 1751423836.548977, 1751423836.6143386, 1751423836.6833403, 1751423836.7473972, 1751423836.8146005, 1751423836.8777685, 1751423836.9458892, 1751423837.0087168, 1751423837.0721943, 1751423837.1391332, 1751423837.2211661, 1751423837.29109, 1751423837.3613484, 1751423837.4245641, 1751423837.492714, 1751423837.5581589, 1751423837.6251535, 1751423837.6942747, 1751423837.7596238, 1751423837.8284857, 1751423837.8960724, 1751423837.9616268, 1751423838.02898, 1751423838.098425, 1751423838.1684995, 1751423838.2319036, 1751423838.2995172, 1751423838.3636277, 1751423838.4323175, 1751423838.5018396, 1751423838.5679455, 1751423838.6345801, 1751423838.7041507, 1751423838.7721367, 1751423838.8373268, 1751423838.905504, 1751423838.9709463, 1751423839.0372782, 1751423839.1078377, 1751423839.1780357, 1751423839.2499528, 1751423839.3212326, 1751423839.3924294, 1751423839.4621706, 1751423839.5318756, 1751423839.597181, 1751423839.6687698, 1751423839.740088, 1751423839.811605, 1751423839.8820832, 1751423839.9524057, 1751423840.0200057, 1751423840.0896358, 1751423840.1600623, 1751423840.2309432, 1751423840.3016543, 1751423840.3727334, 1751423840.442592, 1751423840.5130868, 1751423840.5837898, 1751423840.6537569, 1751423840.719258, 1751423840.785568, 1751423840.8558788, 1751423840.9234984, 1751423840.990227, 1751423841.0574338, 1751423841.124588, 1751423841.1922631, 1751423841.2615967, 1751423841.3354614, 1751423841.406406, 1751423841.475656, 1751423841.5456705, 1751423841.6167173, 1751423841.6860898, 1751423841.7570326, 1751423841.8281248, 1751423841.8983932, 1751423841.9687474, 1751423842.0393782, 1751423842.1106381, 1751423842.1808693, 1751423842.2513661, 1751423842.3224359, 1751423842.3930955, 1751423842.4641385, 1751423842.5353508, 1751423842.606611, 1751423842.6789992, 1751423842.7506516, 1751423842.8216152, 1751423842.8918009, 1751423842.9608328, 1751423843.0319147, 1751423843.1024053, 1751423843.173532, 1751423843.2437308, 1751423843.3149362, 1751423843.3853588, 1751423843.472887, 1751423843.5452192, 1751423843.6164823, 1751423843.6877666, 1751423843.758774, 1751423843.829217, 1751423843.9008775, 1751423843.9714997, 1751423844.042129, 1751423844.1119964, 1751423844.184844, 1751423844.254564, 1751423844.3246584, 1751423844.3966568, 1751423844.469255, 1751423844.5385492, 1751423844.612327, 1751423844.6819592]"
289,50,239,"[1751423844.9668062, 1751423845.0801818, 1751423845.0807538, 1751423845.1440468, 1751423845.2073362, 1751423845.2730587, 1751423845.3358142, 1751423845.3959982, 1751423845.4571183, 1751423845.5567188, 1751423845.620196, 1751423845.6815052, 1751423845.745588, 1751423845.81086, 1751423845.8757756, 1751423845.9406972, 1751423846.0071037, 1751423846.073385, 1751423846.140122, 1751423846.2051282, 1751423846.2741332, 1751423846.3395224, 1751423846.4078605, 1751423846.4773574, 1751423846.5471265]"
411,104,307,"[1751423846.8353262, 1751423846.9977536, 1751423846.9983668, 1751423847.0657642, 1751423847.1333463, 1751423847.1961324, 1751423847.2565515, 1751423847.3172765, 1751423847.3780415, 1751423847.4387326, 1751423847.4998446, 1751423847.5647566, 1751423847.6385152, 1751423847.701867, 1751423847.7654402, 1751423847.8315911, 1751423847.8941891, 1751423847.9587057, 1751423848.0245466, 1751423848.0937755, 1751423848.1573932, 1751423848.2228966, 1751423848.2881956, 1751423848.3562865, 1751423848.4214282, 1751423848.4886432, 1751423848.5516324, 1751423848.6203597, 1751423848.6836622, 1751423848.750764, 1751423848.8146384, 1751423848.8814738, 1751423848.9455094, 1751423849.010578, 1751423849.0755448, 1751423849.1440532, 1751423849.2079096, 1751423849.274191, 1751423849.3390036, 1751423849.407823, 1751423849.4714706, 1751423849.534588, 1751423849.6007113, 1751423849.6736887, 1751423849.7427135, 1751423849.8128815, 1751423849.8829186, 1751423849.9467614, 1751423850.0154665, 1751423850.0855453, 1751423850.1557388, 1751423850.2254434]"
477,170,307,"[1751423850.4929454, 1751423850.651092, 1751423850.6517098, 1751423850.7150497, 1751423850.7802718, 1751423850.8429995, 1751423850.9039755, 1751423850.9646978, 1751423851.0252173, 1751423851.0853286, 1751423851.146111, 1751423851.206951, 1751423851.2683778, 1751423851.3303158, 1751423851.3963253, 1751423851.4613094, 1751423851.528813, 1751423851.5915523, 1751423851.658877, 1751423851.7214317, 1751423851.8072479, 1751423851.8727298, 1751423851.9408958, 1751423852.003559, 1751423852.0655308, 1751423852.1291432, 1751423852.1945732, 1751423852.2608316, 1751423852.3261805, 1751423852.394791, 1751423852.4584973, 1751423852.5252736, 1751423852.5893247, 1751423852.652837, 1751423852.7205052, 1751423852.791379, 1751423852.861044, 1751423852.9310017, 1751423852.9941187, 1751423853.0613973, 1751423853.1279266, 1751423853.1954129, 1751423853.2642245, 1751423853.3265605, 1751423853.3911893, 1751423853.4567406, 1751423853.522211, 1751423853.5876167, 1751423853.6509051, 1751423853.7176495, 1751423853.781229, 1751423853.884163, 1751423853.9539173, 1751423854.0206852, 1751423854.0847673, 1751423854.152323, 1751423854.21737, 1751423854.2833462, 1751423854.353284, 1751423854.4174223, 1751423854.4837124, 1751423854.5936506, 1751423854.6604838, 1751423854.7290444, 1751423854.8005898, 1751423854.8700752, 1751423854.9394162, 1751423855.0050867, 1751423855.0731084, 1751423855.142774, 1751423855.2124488, 1751423855.2778714, 1751423855.3434613, 1751423855.4082959, 1751423855.4776776, 1751423855.547798, 1751423855.6179404, 1751423855.6859848, 1751423855.7516954, 1751423855.819893, 1751423855.8903942, 1751423855.97396, 1751423856.0443275, 1751423856.1129532, 1751423856.1804917]"
551,290,261,"[1751423856.455725, 1751423856.6092043, 1751423856.60974, 1751423856.6725578, 1751423856.7387295, 1751423856.8018696, 1751423856.8616219, 1751423856.9223077, 1751423856.9839363, 1751423857.0508225, 1751423857.1150088, 1751423857.1818147, 1751423857.2457807, 1751423857.3124156, 1751423857.375029, 1751423857.439038, 1751423857.5052714, 1751423857.5664992, 1751423857.6308017, 1751423857.6971588, 1751423857.7601182, 1751423857.8244655, 1751423857.8906724, 1751423857.9611678, 1751423858.0608604, 1751423858.125606, 1751423858.1928139, 1751423858.2628121, 1751423858.325938, 1751423858.3928888, 1751423858.4560459, 1751423858.523708, 1751423858.5877101, 1751423858.655134, 1751423858.7191393, 1751423858.7864313, 1751423858.8503525, 1751423858.9176648, 1751423858.980774, 1751423859.0485313, 1751423859.1123421, 1751423859.1798446, 1751423859.243328, 1751423859.3107867, 1751423859.3739867, 1751423859.4419618, 1751423859.5055897, 1751423859.5736659, 1751423859.6372533, 1751423859.7053926, 1751423859.7694578, 1751423859.836902, 1751423859.9009511, 1751423859.9689426, 1751423860.0392475, 1751423860.1423552, 1751423860.2083402, 1751423860.275387, 1751423860.3391664, 1751423860.406803, 1751423860.4745965, 1751423860.5445645, 1751423860.6152701, 1751423860.685962, 1751423860.7578342, 1751423860.8284912, 1751423860.899693, 1751423860.9691918, 1751423861.0374653, 1751423861.1028185, 1751423861.1705887, 1751423861.2404008, 1751423861.31076, 1751423861.3749347, 1751423861.4431727, 1751423861.5130045, 1751423861.5833414, 1751423861.653575, 1751423861.7206612, 1751423861.7877767, 1751423861.8574119, 1751423861.9272478, 1751423861.9976537, 1751423862.068417, 1751423862.139626, 1751423862.2267814, 1751423862.2941608, 1751423862.3631477, 1751423862.434828, 1751423862.5043788, 1751423862.5746992, 1751423862.6453834, 1751423862.716355, 1751423862.7868936, 1751423862.8567986, 1751423862.927038, 1751423862.9966486, 1751423863.064321, 1751423863.1350708, 1751423863.203302, 1751423863.2733216, 1751423863.3456223, 1751423863.4154522, 1751423863.4853547, 1751423863.55584, 1751423863.627495, 1751423863.698211, 1751423863.768266, 1751423863.8389676, 1751423863.9093292, 1751423863.9796581, 1751423864.0484805, 1751423864.12235, 1751423864.1932533, 1751423864.2683816, 1751423864.339286, 1751423864.4083636, 1751423864.477407, 1751423864.548331, 1751423864.6196206, 1751423864.6898644, 1751423864.7587285, 1751423864.829884, 1751423864.900675, 1751423864.9715412, 1751423865.0435505, 1751423865.1142354, 1751423865.185229, 1751423865.2719524, 1751423865.3647575, 1751423865.4366925, 1751423865.5091677, 1751423865.580467, 1751423865.650255, 1751423865.72034, 1751423865.790719, 1751423865.8620608, 1751423865.934213, 1751423866.005488, 1751423866.0750434, 1751423866.146898, 1751423866.2182817, 1751423866.2872705, 1751423866.396833, 1751423866.4691472]"
561,256,305,"[1751423866.7538614, 1751423866.9119372, 1751423866.912436, 1751423866.9754233, 1751423867.0356326, 1751423867.097275, 1751423867.1633606, 1751423867.2258801, 1751423867.2872145, 1751423867.3477259, 1751423867.4086902, 1751423867.4720592, 1751423867.5394342, 1751423867.6042309, 1751423867.6693738, 1751423867.7325215, 1751423867.795479, 1751423867.8590608, 1751423867.9248202, 1751423867.9931793, 1751423868.0558274, 1751423868.1235778, 1751423868.1876535, 1751423868.25468, 1751423868.3747895, 1751423868.4779835, 1751423868.5441487, 1751423868.6100261, 1751423868.6725407, 1751423868.7373698, 1751423868.8017092, 1751423868.8704078, 1751423868.9337957, 1751423868.9982882, 1751423869.0640352, 1751423869.1314213, 1751423869.1972265, 1751423869.2656102, 1751423869.3287187, 1751423869.3966675, 1751423869.4603057, 1751423869.528182, 1751423869.5934358, 1751423869.6614132, 1751423869.730412, 1751423869.7939022, 1751423869.8618429, 1751423869.9273856, 1751423869.9942093, 1751423870.0588942, 1751423870.1265311, 1751423870.1956096, 1751423870.2587595, 1751423870.327244, 1751423870.4395664, 1751423870.513342, 1751423870.5833106, 1751423870.652019, 1751423870.7220612, 1751423870.7889345, 1751423870.8547597, 1751423870.9242303, 1751423870.992449, 1751423871.0571465, 1751423871.125863, 1751423871.1962054, 1751423871.2626235, 1751423871.3335624, 1751423871.4011562, 1751423871.4721398, 1751423871.5422466, 1751423871.6136608, 1751423871.6836135, 1751423871.7539232, 1751423871.8249984, 1751423871.8970494, 1751423871.9662418, 1751423872.0359669, 1751423872.1063304, 1751423872.1760252, 1751423872.2417493, 1751423872.310347, 1751423872.3803465, 1751423872.5030694, 1751423872.5750487, 1751423872.647522, 1751423872.716582, 1751423872.785333, 1751423872.858176, 1751423872.9295325, 1751423873.00011, 1751423873.0703492, 1751423873.1407561, 1751423873.2111154, 1751423873.2815113, 1751423873.351661, 1751423873.4225993, 1751423873.493295, 1751423873.564072, 1751423873.635096, 1751423873.7055476, 1751423873.7763965, 1751423873.842979, 1751423873.9098704, 1751423873.9792936, 1751423874.0481627, 1751423874.1195965, 1751423874.1910584, 1751423874.261954, 1751423874.3329911, 1751423874.4039657, 1751423874.4743912, 1751423874.5639477, 1751423874.635904, 1751423874.7276678, 1751423874.7994826, 1751423874.8712375, 1751423874.9421048, 1751423875.0126474, 1751423875.0841577, 1751423875.1540709, 1751423875.225408, 1751423875.29623, 1751423875.3658943, 1751423875.4365041, 1751423875.506861, 1751423875.5777352, 1751423875.6502206]"
335,76,259,"[1751423875.9422634, 1751423876.0963907, 1751423876.0970087, 1751423876.1658952, 1751423876.237431, 1751423876.3070824, 1751423876.3796833, 1751423876.4497075, 1751423876.5204198, 1751423876.6324406, 1751423876.710595, 1751423876.811986, 1751423876.879288, 1751423876.9466157, 1751423877.0153768, 1751423877.0855565, 1751423877.1558676, 1751423877.2191372, 1751423877.2861142, 1751423877.3496907, 1751423877.4139535, 1751423877.4800942, 1751423877.5505679, 1751423877.620682, 1751423877.68507, 1751423877.7517173, 1751423877.816928, 1751423877.885622, 1751423877.9554453, 1751423878.0244286, 1751423878.0882666, 1751423878.1557305, 1751423878.2199993, 1751423878.2864776, 1751423878.3503056, 1751423878.4180293, 1751423878.4818606, 1751423878.549125]"
485,182,303,"[1751423878.8847575, 1751423879.0381756, 1751423879.038688, 1751423879.1007824, 1751423879.1666849, 1751423879.2284617, 1751423879.290391, 1751423879.3505518, 1751423879.4115927, 1751423879.472047, 1751423879.5323458, 1751423879.5932379, 1751423879.6536558, 1751423879.71446, 1751423879.777326, 1751423879.842335, 1751423879.903924, 1751423879.9656084, 1751423880.0269976, 1751423880.093057, 1751423880.1568997, 1751423880.220271, 1751423880.2861857, 1751423880.3485377, 1751423880.4127564, 1751423880.4780772, 1751423880.544932, 1751423880.6093028, 1751423880.677213, 1751423880.7407775, 1751423880.8045967, 1751423880.8703914, 1751423880.9747212, 1751423881.0448885, 1751423881.1123624, 1751423881.1748366, 1751423881.2418528, 1751423881.306744, 1751423881.3750534, 1751423881.4371588, 1751423881.4994528, 1751423881.5672467, 1751423881.630183, 1751423881.6982238, 1751423881.761632, 1751423881.8293293, 1751423881.8927484, 1751423881.9603024, 1751423882.0252914, 1751423882.0914276, 1751423882.1565316, 1751423882.2248576, 1751423882.2954085, 1751423882.3651237, 1751423882.4350479, 1751423882.5001748, 1751423882.5675118, 1751423882.6316853, 1751423882.6974618, 1751423882.763866, 1751423882.8325474, 1751423882.9026954, 1751423882.9724975, 1751423883.0603225, 1751423883.1303058, 1751423883.1989424, 1751423883.2657325, 1751423883.3453226, 1751423883.4149776, 1751423883.4808302, 1751423883.5492709, 1751423883.6183348, 1751423883.6886485, 1751423883.755003, 1751423883.82215, 1751423883.8911688, 1751423883.9613981, 1751423884.0294828, 1751423884.0968826, 1751423884.1652687, 1751423884.2362578, 1751423884.306696, 1751423884.3776891, 1751423884.448124, 1751423884.5185652, 1751423884.588273, 1751423884.6599195, 1751423884.7314956, 1751423884.80297, 1751423884.8723829, 1751423884.9429858]"
505,240,265,"[1751423885.2722816, 1751423885.4519126, 1751423885.452499, 1751423885.5201275, 1751423885.584928, 1751423885.6514232, 1751423885.714444, 1751423885.7781444, 1751423885.8435571, 1751423885.9070628, 1751423885.9744215, 1751423886.0402613, 1751423886.1066883, 1751423886.1718733, 1751423886.2372186, 1751423886.3005626, 1751423886.362402, 1751423886.4281666, 1751423886.4910948, 1751423886.5545516, 1751423886.6209142, 1751423886.6895678, 1751423886.7542188, 1751423886.8215022, 1751423886.884696, 1751423886.9512289, 1751423887.0157495, 1751423887.08505, 1751423887.1540203, 1751423887.2201476, 1751423887.2880027, 1751423887.3580751, 1751423887.424202, 1751423887.506569, 1751423887.5752065, 1751423887.6444185, 1751423887.7152967, 1751423887.7852526, 1751423887.8546376, 1751423887.9261065, 1751423887.9962277, 1751423888.0658538, 1751423888.130357, 1751423888.1981025, 1751423888.2622807, 1751423888.329214, 1751423888.3935618, 1751423888.460915, 1751423888.5238786, 1751423888.5924954, 1751423888.6575384, 1751423888.7238746, 1751423888.7939281, 1751423888.8594036, 1751423888.927191, 1751423888.996634, 1751423889.0666776, 1751423889.1320858, 1751423889.1999357, 1751423889.2702248, 1751423889.3407693, 1751423889.4102983, 1751423889.481797, 1751423889.586043, 1751423889.6562533, 1751423889.7272806, 1751423889.795413, 1751423889.8647249, 1751423889.9352345, 1751423890.0047045, 1751423890.069746, 1751423890.137013, 1751423890.2074425, 1751423890.2770112, 1751423890.3429108, 1751423890.4100635, 1751423890.4798625, 1751423890.549692, 1751423890.618113, 1751423890.6828487, 1751423890.7513552, 1751423890.8214784, 1751423890.8916767, 1751423890.955601, 1751423891.0242076, 1751423891.09391, 1751423891.1648893, 1751423891.2292228, 1751423891.2975802, 1751423891.367122, 1751423891.433137, 1751423891.5002165, 1751423891.5697446, 1751423891.6780627, 1751423891.7509763, 1751423891.8218532, 1751423891.8924935, 1751423891.9630291, 1751423892.03387, 1751423892.1047802, 1751423892.1759238, 1751423892.246168, 1751423892.3174603, 1751423892.3898158, 1751423892.4600964, 1751423892.531045, 1751423892.601367, 1751423892.6720695, 1751423892.7419186, 1751423892.8149147, 1751423892.8875597, 1751423892.955301, 1751423893.0267076, 1751423893.1005874, 1751423893.171278, 1751423893.239475, 1751423893.3091853, 1751423893.3796175, 1751423893.4502041, 1751423893.5215163]"
799,392,407,"[1751423893.8597088, 1751423894.0457318, 1751423894.0463066, 1751423894.1101844, 1751423894.1764178, 1751423894.2399623, 1751423894.3030055, 1751423894.3683794, 1751423894.431201, 1751423894.493576, 1751423894.5592074, 1751423894.622186, 1751423894.6850557, 1751423894.7509208, 1751423894.8141487, 1751423894.8773935, 1751423894.9431746, 1751423895.0062647, 1751423895.1140654, 1751423895.1744144, 1751423895.2389596, 1751423895.3076537, 1751423895.3708098, 1751423895.4341722, 1751423895.5004187, 1751423895.563198, 1751423895.630666, 1751423895.6930082, 1751423895.755275, 1751423895.8448968, 1751423895.9147465, 1751423895.9836535, 1751423896.046681, 1751423896.1146286, 1751423896.1787724, 1751423896.2461095, 1751423896.30958, 1751423896.3772814, 1751423896.4470506, 1751423896.5108912, 1751423896.578618, 1751423896.6430442, 1751423896.710723, 1751423896.77375, 1751423896.8418562, 1751423896.905365, 1751423896.9733799, 1751423897.0370343, 1751423897.1054878, 1751423897.1692746, 1751423897.2386386, 1751423897.3089051, 1751423897.3800535, 1751423897.4512715, 1751423897.5214508, 1751423897.589504, 1751423897.6541593, 1751423897.7223136, 1751423897.788629, 1751423897.8519316, 1751423897.9302845, 1751423897.9988918, 1751423898.0673006, 1751423898.1369834, 1751423898.2078857, 1751423898.2797885, 1751423898.349572, 1751423898.4192886, 1751423898.4893658, 1751423898.5554123, 1751423898.622737, 1751423898.6922214, 1751423898.7595987, 1751423898.8254988, 1751423898.894484, 1751423898.9595535, 1751423899.0289333, 1751423899.0978563, 1751423899.1680546, 1751423899.2382932, 1751423899.3086631, 1751423899.3795915, 1751423899.4504461, 1751423899.5173702, 1751423899.5848098, 1751423899.6535358, 1751423899.7238934, 1751423899.7942793, 1751423899.8648539, 1751423899.9353166, 1751423900.0149727, 1751423900.083284, 1751423900.1536531, 1751423900.2226825, 1751423900.2936656, 1751423900.3653908, 1751423900.43514, 1751423900.5044131, 1751423900.5743303, 1751423900.6439393, 1751423900.7146242, 1751423900.7852714, 1751423900.8558216, 1751423900.926392, 1751423900.9974682, 1751423901.0687494, 1751423901.1399195, 1751423901.2099497, 1751423901.2809174, 1751423901.3518093, 1751423901.42331, 1751423901.494033, 1751423901.5645986, 1751423901.6354203, 1751423901.7067735, 1751423901.7770135, 1751423901.848144, 1751423901.9188964, 1751423901.9900248, 1751423902.0983672, 1751423902.1727169, 1751423902.2440026, 1751423902.3146846, 1751423902.3850472, 1751423902.4654682, 1751423902.5383255, 1751423902.6095688, 1751423902.6776881, 1751423902.7495704, 1751423902.8210268, 1751423902.8921738, 1751423902.96255, 1751423903.0327146, 1751423903.103374, 1751423903.1741154, 1751423903.2455707, 1751423903.3162882, 1751423903.3875897, 1751423903.4588335, 1751423903.5290432, 1751423903.6009452, 1751423903.6714687, 1751423903.7419283, 1751423903.8130524, 1751423903.886668, 1751423903.9639752, 1751423904.0373564, 1751423904.1074297, 1751423904.1812994, 1751423904.255615, 1751423904.3276281, 1751423904.399513, 1751423904.4713526, 1751423904.5415678, 1751423904.612584, 1751423904.6842663, 1751423904.7548733, 1751423904.825397, 1751423904.8964503, 1751423904.9669743, 1751423905.0372314, 1751423905.108844, 1751423905.1794286, 1751423905.2498484, 1751423905.3208473, 1751423905.3923843, 1751423905.4652836, 1751423905.5420914, 1751423905.6153882, 1751423905.6884542, 1751423905.7652383, 1751423905.837718, 1751423905.910162, 1751423905.9873173, 1751423906.064687, 1751423906.1381707, 1751423906.2193289, 1751423906.2991557, 1751423906.374037, 1751423906.450145, 1751423906.5261512, 1751423906.6022005, 1751423906.6804986, 1751423906.7566397, 1751423906.8341115, 1751423906.9079642, 1751423906.9838321, 1751423907.0561204, 1751423907.1300972, 1751423907.206865, 1751423907.2797248, 1751423907.3524728, 1751423907.4295466, 1751423907.5023875, 1751423907.5776708, 1751423907.6527123]"
405,174,231,"[1751423907.972469, 1751423908.0886443, 1751423908.089278, 1751423908.1530695, 1751423908.2198544, 1751423908.2855413, 1751423908.3536131, 1751423908.4150608, 1751423908.4778025, 1751423908.5439959, 1751423908.6077404, 1751423908.6706412, 1751423908.7356489, 1751423908.7979553, 1751423908.8591492, 1751423908.9211216, 1751423908.9873493, 1751423909.0496328, 1751423909.1112947, 1751423909.1721878, 1751423909.234107, 1751423909.3010397, 1751423909.3639436, 1751423909.4264064, 1751423909.493147, 1751423909.5563128, 1751423909.618974, 1751423909.685004, 1751423909.7483566, 1751423909.81243, 1751423909.8781614, 1751423909.9411108, 1751423910.0057096, 1751423910.0728095, 1751423910.1421142, 1751423910.2046387, 1751423910.271566, 1751423910.3357809, 1751423910.431679, 1751423910.4988174, 1751423910.5660625, 1751423910.629374, 1751423910.6974108, 1751423910.7602205, 1751423910.8296185, 1751423910.901009, 1751423910.9706728, 1751423911.0363753, 1751423911.1043031, 1751423911.174239, 1751423911.2439022, 1751423911.3077772, 1751423911.3747027, 1751423911.440279, 1751423911.5069287, 1751423911.5765028, 1751423911.6415162, 1751423911.7086234, 1751423911.7789054, 1751423911.8420782, 1751423911.9107866, 1751423911.9766004, 1751423912.0440784, 1751423912.1144497, 1751423912.1847372, 1751423912.2533357, 1751423912.3183613, 1751423912.3866322, 1751423912.4606555, 1751423912.5308936, 1751423912.6006055, 1751423912.6740851, 1751423912.7402277, 1751423912.810798, 1751423912.8802037, 1751423912.9448926, 1751423913.0135772, 1751423913.0834928, 1751423913.155671, 1751423913.2262838, 1751423913.2957036, 1751423913.3656197, 1751423913.4364192, 1751423913.5055969, 1751423913.5712538, 1751423913.6399944, 1751423913.7104065]"
365,94,271,"[1751423913.9894493, 1751423914.1460598, 1751423914.146684, 1751423914.211156, 1751423914.276779, 1751423914.3392463, 1751423914.4013643, 1751423914.4617372, 1751423914.5244071, 1751423914.5977058, 1751423914.662922, 1751423914.731283, 1751423914.7945168, 1751423914.8564754, 1751423914.919505, 1751423914.9842508, 1751423915.047087, 1751423915.109761, 1751423915.176644, 1751423915.24139, 1751423915.3088343, 1751423915.4187217, 1751423915.4841838, 1751423915.5492013, 1751423915.6152108, 1751423915.6833556, 1751423915.7464921, 1751423915.8138182, 1751423915.877764, 1751423915.9450684, 1751423916.008776, 1751423916.0719259, 1751423916.138141, 1751423916.2009199, 1751423916.2687075, 1751423916.3330526, 1751423916.3965597, 1751423916.464383, 1751423916.5344906, 1751423916.6036067, 1751423916.6816661, 1751423916.7488296, 1751423916.816766, 1751423916.886429, 1751423916.951189, 1751423917.0182788, 1751423917.0843935]"
399,186,213,"[1751423917.3619416, 1751423917.4752498, 1751423917.4758868, 1751423917.5391293, 1751423917.6056926, 1751423917.6692195, 1751423917.7319632, 1751423917.7973063, 1751423917.8609674, 1751423917.9294293, 1751423917.9962971, 1751423918.0618715, 1751423918.12979, 1751423918.1938193, 1751423918.2554693, 1751423918.322037, 1751423918.385143, 1751423918.448115, 1751423918.5136151, 1751423918.5778453, 1751423918.6428168, 1751423918.710437, 1751423918.779342, 1751423918.850161, 1751423918.9207206, 1751423918.9907587, 1751423919.0616293, 1751423919.132425, 1751423919.2021925, 1751423919.265033, 1751423919.3337457, 1751423919.3971083, 1751423919.464687, 1751423919.5284758, 1751423919.5962393, 1751423919.6597962, 1751423919.7274876, 1751423919.7910342, 1751423919.8540757, 1751423919.92101, 1751423919.9907491, 1751423920.0547464, 1751423920.122414, 1751423920.1866593, 1751423920.255747, 1751423920.3247938, 1751423920.3894472, 1751423920.4573886, 1751423920.5277846, 1751423920.5961564, 1751423920.6622224, 1751423920.7311027, 1751423920.801342, 1751423920.870783, 1751423920.9361212, 1751423921.0046372, 1751423921.0714607, 1751423921.1375198, 1751423921.2072701, 1751423921.2717977, 1751423921.339949, 1751423921.4093657, 1751423921.4739046, 1751423921.5413666, 1751423921.6109378, 1751423921.677119, 1751423921.7465897, 1751423921.8146777, 1751423921.885483, 1751423921.9494739, 1751423922.0173757, 1751423922.088925, 1751423922.1592965, 1751423922.2282426, 1751423922.2957354, 1751423922.3629098, 1751423922.432805, 1751423922.5029995, 1751423922.5736606, 1751423922.643546, 1751423922.7153938, 1751423922.7859719, 1751423922.8590393, 1751423922.9321468, 1751423923.001748, 1751423923.07143, 1751423923.1408165, 1751423923.2115622, 1751423923.2815957, 1751423923.3521562, 1751423923.4229176, 1751423923.4937165, 1751423923.5650315]"
339,158,181,"[1751423923.8444815, 1751423923.9603038, 1751423923.9608676, 1751423924.0257695, 1751423924.0883033, 1751423924.1523771, 1751423924.2156858, 1751423924.281519, 1751423924.345469, 1751423924.4073024, 1751423924.4708226, 1751423924.539666, 1751423924.6074238, 1751423924.6711142, 1751423924.7326326, 1751423924.7959204, 1751423924.8617651, 1751423924.9244254, 1751423925.0152435, 1751423925.0848348, 1751423925.1508152, 1751423925.215541, 1751423925.277816, 1751423925.3398697, 1751423925.4035015, 1751423925.4694064, 1751423925.5318797, 1751423925.595918, 1751423925.6613932, 1751423925.723402, 1751423925.7844071, 1751423925.8486264, 1751423925.9143503, 1751423925.9769862, 1751423926.0456831, 1751423926.109642, 1751423926.1772635, 1751423926.239698, 1751423926.3016613, 1751423926.3640943, 1751423926.4285488, 1751423926.4931118, 1751423926.5608828, 1751423926.624228, 1751423926.6928015, 1751423926.756057, 1751423926.8256724, 1751423926.8973322, 1751423926.9697413, 1751423927.0407016, 1751423927.1435332, 1751423927.2130864, 1751423927.284243, 1751423927.3552036, 1751423927.4261, 1751423927.4971442, 1751423927.5683787, 1751423927.6392186, 1751423927.7096412, 1751423927.7803304, 1751423927.8476331, 1751423927.9173336, 1751423927.9832418, 1751423928.051668, 1751423928.121661, 1751423928.1923573, 1751423928.263228, 1751423928.3338895, 1751423928.405484, 1751423928.475336, 1751423928.5455685, 1751423928.616176, 1751423928.6872308, 1751423928.7567282, 1751423928.827228, 1751423928.8970292, 1751423928.9650497, 1751423929.0319066, 1751423929.1002376]"
279,70,209,"[1751423929.4230316, 1751423929.5358453, 1751423929.5364652, 1751423929.6051884, 1751423929.6688297, 1751423929.73551, 1751423929.799177, 1751423929.862802, 1751423929.9283247, 1751423929.9918277, 1751423930.0587187, 1751423930.1242757, 1751423930.1928537, 1751423930.2632809, 1751423930.333396, 1751423930.4036624, 1751423930.4738553, 1751423930.5397282, 1751423930.6067781, 1751423930.6762888, 1751423930.742473, 1751423930.8092344, 1751423930.8773878, 1751423930.9398353, 1751423931.0039237, 1751423931.069791, 1751423931.1393054, 1751423931.2039888, 1751423931.2813299, 1751423931.3519166, 1751423931.4158707, 1751423931.4821403, 1751423931.5471435, 1751423931.6141036, 1751423931.6787503]"
275,60,215,"[1751423931.9629734, 1751423932.0780146, 1751423932.0786026, 1751423932.142472, 1751423932.2088242, 1751423932.2716854, 1751423932.3336446, 1751423932.401594, 1751423932.470204, 1751423932.5365386, 1751423932.6031072, 1751423932.6657526, 1751423932.7315218, 1751423932.7984, 1751423932.8670554, 1751423932.9348361, 1751423933.000507, 1751423933.0680702, 1751423933.133471, 1751423933.199811, 1751423933.2662838, 1751423933.3682845, 1751423933.4343402, 1751423933.502399, 1751423933.5714617, 1751423933.637007, 1751423933.7045708, 1751423933.7679195, 1751423933.8353686, 1751423933.899186]"
665,240,425,"[1751423934.1811357, 1751423934.3707256, 1751423934.3712974, 1751423934.4357605, 1751423934.5023425, 1751423934.5659585, 1751423934.6319485, 1751423934.696618, 1751423934.7611234, 1751423934.8267674, 1751423934.8945193, 1751423934.9593384, 1751423935.026827, 1751423935.091449, 1751423935.158028, 1751423935.223379, 1751423935.2896743, 1751423935.3590302, 1751423935.4498188, 1751423935.516778, 1751423935.5829353, 1751423935.6530626, 1751423935.7178342, 1751423935.7840106, 1751423935.8523579, 1751423935.9151075, 1751423935.9805412, 1751423936.048199, 1751423936.1158373, 1751423936.1805391, 1751423936.248602, 1751423936.318187, 1751423936.3874006, 1751423936.4525647, 1751423936.5207515, 1751423936.5914266, 1751423936.6617646, 1751423936.7280755, 1751423936.7933462, 1751423936.8637466, 1751423936.9323602, 1751423936.995828, 1751423937.0636644, 1751423937.1286457, 1751423937.1957796, 1751423937.2601874, 1751423937.3271286, 1751423937.3910024, 1751423937.4592812, 1751423937.534341, 1751423937.6023161, 1751423937.6704838, 1751423937.736405, 1751423937.8063517, 1751423937.87438, 1751423937.94585, 1751423938.0151644, 1751423938.0897717, 1751423938.1616488, 1751423938.2298536, 1751423938.2986486, 1751423938.3684244, 1751423938.4384243, 1751423938.5030456, 1751423938.57068, 1751423938.6401258, 1751423938.7052407, 1751423938.772126, 1751423938.8415482, 1751423938.9054844, 1751423938.9736116, 1751423939.0364964, 1751423939.104393, 1751423939.1681066, 1751423939.2365575, 1751423939.3037057, 1751423939.3695834, 1751423939.437885, 1751423939.5036893, 1751423939.574979, 1751423939.6436307, 1751423939.7120993, 1751423939.7826078, 1751423939.8529615, 1751423939.922748, 1751423939.9908469, 1751423940.0578592, 1751423940.1263568, 1751423940.1963863, 1751423940.2671146, 1751423940.3387234, 1751423940.4088817, 1751423940.4797053, 1751423940.549431, 1751423940.6195447, 1751423940.6896386, 1751423940.7554889, 1751423940.8257525, 1751423940.8942475, 1751423940.963448, 1751423941.0351217, 1751423941.1057894, 1751423941.1752958, 1751423941.245608, 1751423941.3161411, 1751423941.3881614, 1751423941.4577565, 1751423941.5278554, 1751423941.5990655, 1751423941.7069194, 1751423941.7799153, 1751423941.8508384, 1751423941.9220555, 1751423941.9917843, 1751423942.062402, 1751423942.1330423, 1751423942.2038329, 1751423942.2748482, 1751423942.346074, 1751423942.4164338]"
525,278,247,"[1751423942.7038631, 1751423942.8187242, 1751423942.8193443, 1751423942.883785, 1751423942.9468842, 1751423943.0118082, 1751423943.074901, 1751423943.1371217, 1751423943.2067707, 1751423943.2746313, 1751423943.3384712, 1751423943.403715, 1751423943.4687023, 1751423943.5360355, 1751423943.5988495, 1751423943.6606932, 1751423943.726287, 1751423943.7926352, 1751423943.8600423, 1751423943.921855, 1751423943.9831047, 1751423944.0472069, 1751423944.1133265, 1751423944.1818197, 1751423944.2452598, 1751423944.3099427, 1751423944.3757114, 1751423944.4403882, 1751423944.5062375, 1751423944.5716538, 1751423944.6375043, 1751423944.7048993, 1751423944.7698529, 1751423944.8378673, 1751423944.9017613, 1751423944.962968, 1751423945.0300171, 1751423945.092718, 1751423945.1580563, 1751423945.2240143, 1751423945.2926073, 1751423945.3568265, 1751423945.4239957, 1751423945.487125, 1751423945.5550632, 1751423945.618772, 1751423945.6864903, 1751423945.750084, 1751423945.8217611, 1751423945.8906305, 1751423945.9599302, 1751423946.024049, 1751423946.0909839, 1751423946.1605382, 1751423946.2248209, 1751423946.3421366, 1751423946.408839, 1751423946.4751425, 1751423946.5442598, 1751423946.6070633, 1751423946.6755648, 1751423946.7399037, 1751423946.8074856, 1751423946.8727143, 1751423946.9408984, 1751423947.0101147, 1751423947.0811539, 1751423947.1505113, 1751423947.217548, 1751423947.285355, 1751423947.3542054, 1751423947.4231052, 1751423947.4890525, 1751423947.5571065, 1751423947.627099, 1751423947.6969972, 1751423947.766879, 1751423947.8353772, 1751423947.9044347, 1751423947.9726613, 1751423948.0413008, 1751423948.112051, 1751423948.1829548, 1751423948.2531438, 1751423948.3237348, 1751423948.3943138, 1751423948.464871, 1751423948.537028, 1751423948.6093645, 1751423948.680443, 1751423948.749149, 1751423948.8205142, 1751423948.8921223, 1751423948.9608707, 1751423949.0302005, 1751423949.1000893, 1751423949.1712167, 1751423949.2414167, 1751423949.3117032, 1751423949.3782566, 1751423949.4453928, 1751423949.5151021, 1751423949.5859952, 1751423949.6565692, 1751423949.7268796, 1751423949.7976792, 1751423949.867672, 1751423949.9380286, 1751423950.0396018, 1751423950.1112835, 1751423950.1819074, 1751423950.2522938, 1751423950.3228755, 1751423950.389536, 1751423950.4570355, 1751423950.525812, 1751423950.5976892, 1751423950.6681104, 1751423950.7386503, 1751423950.8093386, 1751423950.8806727, 1751423950.9515169, 1751423951.0233889, 1751423951.0939124, 1751423951.165416, 1751423951.2348754, 1751423951.3054252, 1751423951.374198, 1751423951.445961, 1751423951.5171115, 1751423951.588791, 1751423951.6603348, 1751423951.7313647, 1751423951.8015676, 1751423951.8724601, 1751423951.943843, 1751423952.0141602, 1751423952.1235037, 1751423952.1962945]"
483,200,283,"[1751423952.4896333, 1751423952.6439037, 1751423952.6444414, 1751423952.7124095, 1751423952.775518, 1751423952.837704, 1751423952.8988104, 1751423952.9650116, 1751423953.02938, 1751423953.095755, 1751423953.1572201, 1751423953.218581, 1751423953.279968, 1751423953.3420656, 1751423953.4075198, 1751423953.4706585, 1751423953.535242, 1751423953.5999, 1751423953.6642485, 1751423953.7316535, 1751423953.794145, 1751423953.8558104, 1751423953.9237697, 1751423953.9919646, 1751423954.05604, 1751423954.1197944, 1751423954.2044797, 1751423954.2712893, 1751423954.3383744, 1751423954.4061913, 1751423954.470316, 1751423954.5377085, 1751423954.601424, 1751423954.6698263, 1751423954.7328646, 1751423954.7996283, 1751423954.8636386, 1751423954.9262228, 1751423954.9929073, 1751423955.0560412, 1751423955.1235814, 1751423955.1865098, 1751423955.2536376, 1751423955.3174505, 1751423955.385042, 1751423955.4496682, 1751423955.5176313, 1751423955.580992, 1751423955.6490865, 1751423955.7121673, 1751423955.7803724, 1751423955.8439984, 1751423955.9124787, 1751423955.9816785, 1751423956.0456288, 1751423956.113274, 1751423956.176751, 1751423956.280259, 1751423956.3503337, 1751423956.4183264, 1751423956.486801, 1751423956.5515797, 1751423956.620352, 1751423956.6857936, 1751423956.7527, 1751423956.8222723, 1751423956.8871872, 1751423956.9538689, 1751423957.0242085, 1751423957.0941517, 1751423957.1613069, 1751423957.227227, 1751423957.2963188, 1751423957.3657136, 1751423957.430426, 1751423957.4988692, 1751423957.5693712, 1751423957.6342893, 1751423957.7019274, 1751423957.7720642, 1751423957.8408036, 1751423957.907203, 1751423957.9762192, 1751423958.0463114, 1751423958.117032, 1751423958.1867547, 1751423958.256799, 1751423958.362407, 1751423958.4330904, 1751423958.5019512, 1751423958.5719607, 1751423958.6417854, 1751423958.711976, 1751423958.781913, 1751423958.852563, 1751423958.9215217, 1751423958.9876227, 1751423959.058282, 1751423959.1278312, 1751423959.1980772]"
877,466,411,"[1751423959.4834063, 1751423959.6782212, 1751423959.6788552, 1751423959.7455106, 1751423959.807396, 1751423959.870369, 1751423959.9412653, 1751423960.01174, 1751423960.0827599, 1751423960.15158, 1751423960.2184694, 1751423960.2842584, 1751423960.352014, 1751423960.4525669, 1751423960.5212042, 1751423960.5863407, 1751423960.6542692, 1751423960.7179835, 1751423960.783313, 1751423960.8477397, 1751423960.9107282, 1751423960.9715536, 1751423961.0366275, 1751423961.1009386, 1751423961.1648397, 1751423961.2317302, 1751423961.2947896, 1751423961.361023, 1751423961.4250524, 1751423961.4875739, 1751423961.5553465, 1751423961.624979, 1751423961.6892202, 1751423961.7571614, 1751423961.8209724, 1751423961.8887162, 1751423961.9521387, 1751423962.0156438, 1751423962.082217, 1751423962.1471994, 1751423962.2134068, 1751423962.2791789, 1751423962.3449855, 1751423962.4144084, 1751423962.4813654, 1751423962.5486016, 1751423962.6172345, 1751423962.6836293, 1751423962.7504466, 1751423962.8200247, 1751423962.890111, 1751423962.9598527, 1751423963.0239005, 1751423963.0908496, 1751423963.1544685, 1751423963.2218473, 1751423963.287874, 1751423963.3558624, 1751423963.4251578, 1751423963.4946897, 1751423963.559027, 1751423963.6272125, 1751423963.6942174, 1751423963.760199, 1751423963.8296754, 1751423963.899117, 1751423963.9641237, 1751423964.031302, 1751423964.0987594, 1751423964.1638288, 1751423964.2332945, 1751423964.30136, 1751423964.3669217, 1751423964.4354067, 1751423964.5028453, 1751423964.5733905, 1751423964.662855, 1751423964.7300851, 1751423964.802135, 1751423964.8722703, 1751423964.9421277, 1751423965.0122883, 1751423965.0845442, 1751423965.1558144, 1751423965.2243168, 1751423965.2943966, 1751423965.364532, 1751423965.4354415, 1751423965.5061636, 1751423965.576195, 1751423965.646792, 1751423965.7177918, 1751423965.7894564, 1751423965.8603609, 1751423965.931703, 1751423966.0061553, 1751423966.0787234, 1751423966.146319, 1751423966.2166986, 1751423966.2886827, 1751423966.3601153, 1751423966.43057, 1751423966.5021253, 1751423966.5729125, 1751423966.644545, 1751423966.7155018, 1751423966.7845933, 1751423966.8535519, 1751423966.9245937, 1751423966.99489, 1751423967.0662096, 1751423967.1384804, 1751423967.2089143, 1751423967.2793088, 1751423967.3506596, 1751423967.4204202, 1751423967.4928806, 1751423967.562403, 1751423967.633054, 1751423967.7034664, 1751423967.773961, 1751423967.845602, 1751423967.9186394, 1751423967.9957755, 1751423968.0689738, 1751423968.1395164, 1751423968.2074919, 1751423968.2797568, 1751423968.351654, 1751423968.4265704, 1751423968.500277, 1751423968.572581, 1751423968.6454296, 1751423968.717534, 1751423968.7900708, 1751423968.8611758, 1751423968.9326994, 1751423969.006405, 1751423969.076341, 1751423969.1451285, 1751423969.218522, 1751423969.2894912, 1751423969.3602698, 1751423969.4311378, 1751423969.5023289, 1751423969.5733776, 1751423969.6450882, 1751423969.7170255, 1751423969.7876754, 1751423969.8584435, 1751423969.929321, 1751423970.0002978, 1751423970.0724146, 1751423970.143074, 1751423970.2152328, 1751423970.2888072, 1751423970.364009, 1751423970.4367304, 1751423970.508306, 1751423970.583782, 1751423970.6558206, 1751423970.7304318, 1751423970.8043172, 1751423970.8793921, 1751423970.95461, 1751423971.0283222, 1751423971.1001637, 1751423971.172144, 1751423971.24468, 1751423971.3162744, 1751423971.3872583, 1751423971.462564, 1751423971.535383, 1751423971.6076002, 1751423971.6783419, 1751423971.7498803, 1751423971.870753, 1751423971.943639, 1751423972.0203068, 1751423972.0941393, 1751423972.1726246, 1751423972.2441354, 1751423972.317255, 1751423972.3933928, 1751423972.4668303, 1751423972.543891, 1751423972.6172602, 1751423972.693158, 1751423972.7672474, 1751423972.8419256, 1751423972.9571297, 1751423973.0312815, 1751423973.1085124, 1751423973.1853323, 1751423973.2625577, 1751423973.341364, 1751423973.4146335, 1751423973.489397, 1751423973.5638921, 1751423973.6383245, 1751423973.7146544, 1751423973.7880602, 1751423973.865179, 1751423973.939115, 1751423974.0172572, 1751423974.089932, 1751423974.1681066, 1751423974.2415524, 1751423974.31856, 1751423974.3927643, 1751423974.4713566, 1751423974.544819, 1751423974.6231008, 1751423974.6962407, 1751423974.7741208, 1751423974.8483143, 1751423974.9265413, 1751423975.0395398, 1751423975.1288881, 1751423975.2032006, 1751423975.280204, 1751423975.3534722, 1751423975.4330363, 1751423975.5148654, 1751423975.5954096, 1751423975.675534, 1751423975.7568395, 1751423975.8359778, 1751423975.915958, 1751423975.9902556, 1751423976.0694292, 1751423976.1524818, 1751423976.2308428]"
471,150,321,"[1751423976.5268502, 1751423976.6845496, 1751423976.6851702, 1751423976.7484183, 1751423976.809844, 1751423976.8752446, 1751423976.9385955, 1751423977.0020015, 1751423977.070019, 1751423977.1386132, 1751423977.2019804, 1751423977.2689092, 1751423977.3324475, 1751423977.3994498, 1751423977.4633353, 1751423977.5267103, 1751423977.5906005, 1751423977.6560051, 1751423977.7207499, 1751423977.7857947, 1751423977.8464327, 1751423977.9106483, 1751423977.9776602, 1751423978.0410666, 1751423978.1046987, 1751423978.1707458, 1751423978.2346847, 1751423978.3015454, 1751423978.364229, 1751423978.4738164, 1751423978.5450556, 1751423978.6100628, 1751423978.6763775, 1751423978.739404, 1751423978.8072171, 1751423978.870697, 1751423978.9376638, 1751423979.0010548, 1751423979.0689347, 1751423979.1331863, 1751423979.2083092, 1751423979.2738993, 1751423979.3426259, 1751423979.405927, 1751423979.473563, 1751423979.5375626, 1751423979.6100245, 1751423979.6768138, 1751423979.7430243, 1751423979.8083522, 1751423979.875068, 1751423979.940577, 1751423980.0100718, 1751423980.073859, 1751423980.1419113, 1751423980.206355, 1751423980.2744963, 1751423980.343991, 1751423980.4084995, 1751423980.4766388, 1751423980.540289, 1751423980.6075528, 1751423980.67331, 1751423980.7405903, 1751423980.8120103, 1751423980.883964, 1751423980.9531636, 1751423981.022795, 1751423981.0946202, 1751423981.1653657, 1751423981.2379134, 1751423981.307726, 1751423981.3738556, 1751423981.439426, 1751423981.5076466]"
325,74,251,"[1751423981.7850943, 1751423981.8979461, 1751423981.8984442, 1751423981.9631994, 1751423982.0249598, 1751423982.086117, 1751423982.1469488, 1751423982.208189, 1751423982.2728262, 1751423982.337042, 1751423982.4025648, 1751423982.466223, 1751423982.5316699, 1751423982.5987792, 1751423982.6619098, 1751423982.7253811, 1751423982.7926767, 1751423982.861649, 1751423982.9251003, 1751423982.9879496, 1751423983.054576, 1751423983.1172566, 1751423983.1840599, 1751423983.2470539, 1751423983.3148484, 1751423983.3803117, 1751423983.4476752, 1751423983.5104399, 1751423983.5712426, 1751423983.6334815, 1751423983.6956518, 1751423983.758275, 1751423983.8247535, 1751423983.8935409, 1751423983.9565659, 1751423984.0252318, 1751423984.0898197]"
169,26,143,"[1751423984.3662937, 1751423984.4786484, 1751423984.4792671, 1751423984.5614228, 1751423984.629166, 1751423984.6926398, 1751423984.755845, 1751423984.8213456, 1751423984.8841732, 1751423984.9457595, 1751423985.006749, 1751423985.0686998, 1751423985.1353846]"
273,106,167,"[1751423985.4345818, 1751423985.5651038, 1751423985.5656683, 1751423985.6343422, 1751423985.702415, 1751423985.7646854, 1751423985.8249328, 1751423985.8869236, 1751423985.9478278, 1751423986.0092468, 1751423986.075325, 1751423986.1376948, 1751423986.2031846, 1751423986.271662, 1751423986.340417, 1751423986.4027402, 1751423986.4661572, 1751423986.5337374, 1751423986.6042361, 1751423986.667373, 1751423986.734324, 1751423986.7978346, 1751423986.8598864, 1751423986.926362, 1751423986.9904716, 1751423987.0583363, 1751423987.1237395, 1751423987.1902106, 1751423987.2535918, 1751423987.3202367, 1751423987.3842227, 1751423987.453033, 1751423987.5434055, 1751423987.6084733, 1751423987.6782136, 1751423987.7428956, 1751423987.8098252, 1751423987.8736937, 1751423987.9413452, 1751423988.0067465, 1751423988.0736947, 1751423988.1373837, 1751423988.204924, 1751423988.2675629, 1751423988.336826, 1751423988.4004915, 1751423988.4685466, 1751423988.5317557, 1751423988.5999668, 1751423988.6639106, 1751423988.7325993, 1751423988.7953818, 1751423988.8631585]"
673,350,323,"[1751423989.142171, 1751423989.2998843, 1751423989.3004951, 1751423989.3640943, 1751423989.4301655, 1751423989.4929373, 1751423989.5545487, 1751423989.628607, 1751423989.6948237, 1751423989.7569687, 1751423989.8210413, 1751423989.8862112, 1751423989.9483352, 1751423990.0093818, 1751423990.071074, 1751423990.1375585, 1751423990.2006927, 1751423990.2615676, 1751423990.3228443, 1751423990.387444, 1751423990.4535692, 1751423990.5222983, 1751423990.5874758, 1751423990.6545408, 1751423990.7174592, 1751423990.7781942, 1751423990.8423111, 1751423990.9061334, 1751423990.970326, 1751423991.0379562, 1751423991.1007066, 1751423991.1648586, 1751423991.2308152, 1751423991.2929356, 1751423991.360819, 1751423991.4241102, 1751423991.4893785, 1751423991.555277, 1751423991.6256235, 1751423991.7121716, 1751423991.7805128, 1751423991.8488655, 1751423991.9187684, 1751423992.031374, 1751423992.1000948, 1751423992.1692739, 1751423992.232904, 1751423992.300972, 1751423992.3644414, 1751423992.432495, 1751423992.4983456, 1751423992.565298, 1751423992.6348693, 1751423992.7015784, 1751423992.7675092, 1751423992.8377016, 1751423992.907833, 1751423992.9714355, 1751423993.0395648, 1751423993.107096, 1751423993.1723635, 1751423993.241384, 1751423993.307731, 1751423993.3751812, 1751423993.443756, 1751423993.507378, 1751423993.5759223, 1751423993.6450784, 1751423993.710708, 1751423993.7959576, 1751423993.863299, 1751423993.9304829, 1751423994.0005934, 1751423994.070239, 1751423994.1377974, 1751423994.2031355, 1751423994.273245, 1751423994.3424664, 1751423994.4075422, 1751423994.4756954, 1751423994.5457792, 1751423994.610118, 1751423994.6783636, 1751423994.748221, 1751423994.8166642, 1751423994.8826058, 1751423994.951541, 1751423995.0219724, 1751423995.0907075, 1751423995.15627, 1751423995.2263672, 1751423995.2971358, 1751423995.367358, 1751423995.4377866, 1751423995.5082862, 1751423995.5781038, 1751423995.6446426, 1751423995.712572, 1751423995.783646, 1751423995.8808954, 1751423995.9569235, 1751423996.0295422, 1751423996.098894, 1751423996.1677961, 1751423996.2391317, 1751423996.3120677, 1751423996.3808804, 1751423996.4524403, 1751423996.5239494, 1751423996.5951219, 1751423996.666936, 1751423996.7378824, 1751423996.8080251, 1751423996.8758347, 1751423996.9476964, 1751423997.019306, 1751423997.089683, 1751423997.1605575, 1751423997.2331393, 1751423997.3016963, 1751423997.3717651, 1751423997.44107, 1751423997.5121217, 1751423997.5825443, 1751423997.6537132, 1751423997.724133, 1751423997.7936404, 1751423997.8656979, 1751423997.9625564, 1751423998.0362065, 1751423998.108911, 1751423998.180639, 1751423998.2511556, 1751423998.3223627, 1751423998.3922315, 1751423998.4635105, 1751423998.5336738, 1751423998.6034296, 1751423998.68044, 1751423998.752929, 1751423998.823888, 1751423998.8948705, 1751423998.9659853, 1751423999.0358026, 1751423999.104082, 1751423999.1766293, 1751423999.248762, 1751423999.320284, 1751423999.390269, 1751423999.4612265, 1751423999.5314357, 1751423999.6020415, 1751423999.673364, 1751423999.744002, 1751423999.8155665, 1751423999.886472, 1751423999.9584906, 1751424000.0453181, 1751424000.1196103, 1751424000.1920762, 1751424000.2624462, 1751424000.3330593, 1751424000.4043267, 1751424000.4750323, 1751424000.545736, 1751424000.617047, 1751424000.688057, 1751424000.75754, 1751424000.8286037, 1751424000.8985362, 1751424000.9699237, 1751424001.040874, 1751424001.1122336, 1751424001.1823735, 1751424001.2535932]"
367,130,237,"[1751424001.5396545, 1751424001.6549406, 1751424001.6555612, 1751424001.7186651, 1751424001.7797875, 1751424001.84321, 1751424001.9081814, 1751424001.971697, 1751424002.0329149, 1751424002.1303515, 1751424002.193861, 1751424002.2576675, 1751424002.3247383, 1751424002.3890595, 1751424002.4553864, 1751424002.5190687, 1751424002.5814092, 1751424002.6490881, 1751424002.713843, 1751424002.7822776, 1751424002.8516316, 1751424002.9192498, 1751424003.0237505, 1751424003.086399, 1751424003.151891, 1751424003.2182286, 1751424003.2856104, 1751424003.3496144, 1751424003.4163268, 1751424003.4802601, 1751424003.5476377, 1751424003.6110098, 1751424003.6766515, 1751424003.7417574, 1751424003.8103373, 1751424003.8764286, 1751424003.9455688, 1751424004.0147867, 1751424004.083134, 1751424004.149343, 1751424004.2180896, 1751424004.2870662, 1751424004.355731, 1751424004.418425, 1751424004.486911, 1751424004.5505626, 1751424004.6178215, 1751424004.6810405, 1751424004.7451596, 1751424004.8122373, 1751424004.8807108, 1751424004.9435148, 1751424005.0116456, 1751424005.0750985, 1751424005.1433725, 1751424005.2069602, 1751424005.2749448, 1751424005.3402805, 1751424005.407078, 1751424005.4738526, 1751424005.53974, 1751424005.6093059, 1751424005.6747684, 1751424005.7419026, 1751424005.8088517]"
189,18,171,"[1751424006.0795758, 1751424006.1952972, 1751424006.1959207, 1751424006.2977867, 1751424006.3671632, 1751424006.4312544, 1751424006.495272, 1751424006.5611403, 1751424006.6253633]"
201,18,183,"[1751424006.8992817, 1751424007.0150387, 1751424007.015621, 1751424007.079464, 1751424007.1463184, 1751424007.2085402, 1751424007.2705727, 1751424007.333212, 1751424007.3987617]"
335,82,253,"[1751424007.6679616, 1751424007.7833664, 1751424007.7839608, 1751424007.8490233, 1751424007.9158552, 1751424007.9802768, 1751424008.0469272, 1751424008.1104283, 1751424008.175733, 1751424008.2860086, 1751424008.3758686, 1751424008.4431176, 1751424008.5048459, 1751424008.565652, 1751424008.6274705, 1751424008.69408, 1751424008.7569866, 1751424008.8195548, 1751424008.888531, 1751424008.9587417, 1751424009.0283005, 1751424009.097173, 1751424009.1602857, 1751424009.2234783, 1751424009.2899153, 1751424009.3539302, 1751424009.4177754, 1751424009.4826248, 1751424009.5485644, 1751424009.6135826, 1751424009.676013, 1751424009.7394462, 1751424009.8050067, 1751424009.8672254, 1751424009.928416, 1751424009.9952538, 1751424010.060031, 1751424010.12746, 1751424010.191116, 1751424010.258479, 1751424010.3221507]"
365,56,309,"[1751424010.598378, 1751424010.7557418, 1751424010.7563555, 1751424010.820594, 1751424010.8862607, 1751424010.948119, 1751424011.0090559, 1751424011.0703897, 1751424011.1341827, 1751424011.1996362, 1751424011.2620332, 1751424011.3229988, 1751424011.3828726, 1751424011.4440982, 1751424011.50463, 1751424011.5660782, 1751424011.6285057, 1751424011.6944222, 1751424011.75769, 1751424011.821008, 1751424011.8867397, 1751424011.9495652, 1751424012.0107548, 1751424012.073903, 1751424012.140529, 1751424012.2033432, 1751424012.2665436, 1751424012.3329296]"
423,130,293,"[1751424012.6376643, 1751424012.7912765, 1751424012.7918253, 1751424012.8594058, 1751424012.9230797, 1751424012.9858713, 1751424013.0523586, 1751424013.1165168, 1751424013.1828818, 1751424013.2468534, 1751424013.3138068, 1751424013.3765206, 1751424013.4388347, 1751424013.5044405, 1751424013.5678704, 1751424013.6310046, 1751424013.6974351, 1751424013.7605414, 1751424013.8228106, 1751424013.8894756, 1751424013.9526699, 1751424014.0184395, 1751424014.0828242, 1751424014.1462731, 1751424014.2128668, 1751424014.2791953, 1751424014.3460839, 1751424014.4093916, 1751424014.479275, 1751424014.550165, 1751424014.6283002, 1751424014.693011, 1751424014.7608747, 1751424014.8294635, 1751424014.9571223, 1751424015.0238934, 1751424015.091607, 1751424015.1552322, 1751424015.2219384, 1751424015.2863028, 1751424015.3546576, 1751424015.4187753, 1751424015.4852912, 1751424015.548072, 1751424015.6159964, 1751424015.6802788, 1751424015.747857, 1751424015.8118536, 1751424015.8788662, 1751424015.942928, 1751424016.0108929, 1751424016.0749087, 1751424016.1422212, 1751424016.206478, 1751424016.273351, 1751424016.336849, 1751424016.4055812, 1751424016.4718478, 1751424016.5381846, 1751424016.6075737, 1751424016.7075443, 1751424016.7745504, 1751424016.8408828, 1751424016.9093363, 1751424017.0251179]"
1137,504,633,"[1751424017.3018832, 1751424017.543022, 1751424017.5436502, 1751424017.6113293, 1751424017.6733212, 1751424017.7346027, 1751424017.798969, 1751424017.8628922, 1751424017.9257612, 1751424017.9895942, 1751424018.056793, 1751424018.1246998, 1751424018.188885, 1751424018.2565298, 1751424018.3207052, 1751424018.388698, 1751424018.454274, 1751424018.5662491, 1751424018.6344018, 1751424018.7033534, 1751424018.7960556, 1751424018.864847, 1751424018.9300594, 1751424018.9956977, 1751424019.0859182, 1751424019.1487472, 1751424019.21164, 1751424019.2779963, 1751424019.3411567, 1751424019.4079518, 1751424019.4724154, 1751424019.5410826, 1751424019.6044881, 1751424019.672711, 1751424019.7361891, 1751424019.8007214, 1751424019.866634, 1751424019.9361553, 1751424019.999204, 1751424020.062253, 1751424020.1288898, 1751424020.1923656, 1751424020.2601445, 1751424020.3238046, 1751424020.391459, 1751424020.4578424, 1751424020.5196285, 1751424020.5854676, 1751424020.6546032, 1751424020.719307, 1751424020.7870111, 1751424020.8774266, 1751424020.9457617, 1751424021.0106866, 1751424021.0796492, 1751424021.148202, 1751424021.2131999, 1751424021.2819862, 1751424021.3466783, 1751424021.413694, 1751424021.479065, 1751424021.5452342, 1751424021.615121, 1751424021.681758, 1751424021.7493951, 1751424021.8214817, 1751424021.8901162, 1751424021.9595628, 1751424022.0248702, 1751424022.0925689, 1751424022.1620526, 1751424022.229748, 1751424022.294681, 1751424022.363331, 1751424022.4287379, 1751424022.4965036, 1751424022.56709, 1751424022.6361086, 1751424022.7012608, 1751424022.772077, 1751424022.84311, 1751424022.9171627, 1751424022.9859014, 1751424023.0537915, 1751424023.1234689, 1751424023.2123015, 1751424023.2789557, 1751424023.3468006, 1751424023.4137745, 1751424023.4813414, 1751424023.5503495, 1751424023.6206808, 1751424023.6918144, 1751424023.7623193, 1751424023.8332503, 1751424023.903144, 1751424023.9689953, 1751424024.0674186, 1751424024.139355, 1751424024.2115173, 1751424024.2811599, 1751424024.3507957, 1751424024.421979, 1751424024.493009, 1751424024.5640283, 1751424024.6368773, 1751424024.7067225, 1751424024.7763267, 1751424024.847972, 1751424024.9188714, 1751424024.9890587, 1751424025.0595853, 1751424025.130225, 1751424025.2006013, 1751424025.2718868, 1751424025.342734, 1751424025.4139574, 1751424025.4850588, 1751424025.5559592, 1751424025.625813, 1751424025.6968005, 1751424025.7692833, 1751424025.841437, 1751424025.913501, 1751424025.9876504, 1751424026.0589716, 1751424026.1547182, 1751424026.2266219, 1751424026.2998607, 1751424026.3718631, 1751424026.4419465, 1751424026.5127232, 1751424026.583045, 1751424026.6541667, 1751424026.7262738, 1751424026.7989037, 1751424026.8717234, 1751424026.9435618, 1751424027.0157416, 1751424027.088589, 1751424027.1584752, 1751424027.2297404, 1751424027.3003747, 1751424027.3707893, 1751424027.4417572, 1751424027.512469, 1751424027.5831168, 1751424027.654514, 1751424027.7252364, 1751424027.7960079, 1751424027.8673522, 1751424027.9406936, 1751424028.0102866, 1751424028.081384, 1751424028.1529963, 1751424028.2396767, 1751424028.3144674, 1751424028.3908424, 1751424028.4654524, 1751424028.5394182, 1751424028.6141126, 1751424028.6872969, 1751424028.760087, 1751424028.8319774, 1751424028.907164, 1751424028.9795823, 1751424029.0519762, 1751424029.123701, 1751424029.1945856, 1751424029.2716231, 1751424029.3446639, 1751424029.4179287, 1751424029.4932244, 1751424029.5665567, 1751424029.6400337, 1751424029.7163832, 1751424029.7894325, 1751424029.8625498, 1751424029.9375637, 1751424030.0104578, 1751424030.0854611, 1751424030.167202, 1751424030.2415447, 1751424030.320693, 1751424030.3948874, 1751424030.4729614, 1751424030.546747, 1751424030.6235666, 1751424030.6980808, 1751424030.7711468, 1751424030.847435, 1751424030.921419, 1751424030.9989371, 1751424031.0737636, 1751424031.153224, 1751424031.2273152, 1751424031.3051572, 1751424031.4277976, 1751424031.5015664, 1751424031.5790453, 1751424031.6524534, 1751424031.7301116, 1751424031.8038967, 1751424031.881871, 1751424031.9558547, 1751424032.0344818, 1751424032.1095705, 1751424032.186013, 1751424032.2597568, 1751424032.3393183, 1751424032.4213512, 1751424032.501155, 1751424032.5813446, 1751424032.6553674, 1751424032.7366097, 1751424032.8176699, 1751424032.8979464, 1751424032.9784892, 1751424033.0582893, 1751424033.1359475, 1751424033.2179706, 1751424033.293192, 1751424033.3745904, 1751424033.4555793, 1751424033.5358238, 1751424033.6157892, 1751424033.6958318, 1751424033.7754416, 1751424033.851556, 1751424033.929875, 1751424034.0096521, 1751424034.0896227, 1751424034.1649597, 1751424034.2449157, 1751424034.3238971, 1751424034.4039733, 1751424034.4912953, 1751424034.5694182, 1751424034.6575036, 1751424034.7388387, 1751424034.8211212, 1751424034.9012935, 1751424034.9831908, 1751424035.0634296, 1751424035.143598, 1751424035.2239656, 1751424035.3049796, 1751424035.385674, 1751424035.4662294, 1751424035.5475328, 1751424035.6289709, 1751424035.7097647]"
457,88,369,"[1751424036.0218296, 1751424036.1766315, 1751424036.1771717, 1751424036.2397127, 1751424036.3028073, 1751424036.3679404, 1751424036.430863, 1751424036.4922361, 1751424036.5766337, 1751424036.64312, 1751424036.7085068, 1751424036.8175166, 1751424036.8837013, 1751424036.9482043, 1751424037.0154912, 1751424037.080341, 1751424037.1477563, 1751424037.2110722, 1751424037.2759178, 1751424037.340886, 1751424037.4044256, 1751424037.4709303, 1751424037.5347896, 1751424037.602404, 1751424037.6656442, 1751424037.7313547, 1751424037.7969756, 1751424037.8669274, 1751424037.9356682, 1751424038.0010383, 1751424038.0673993, 1751424038.1307995, 1751424038.1986222, 1751424038.2624815, 1751424038.3304002, 1751424038.3939507, 1751424038.4583106, 1751424038.523519, 1751424038.5885143, 1751424038.657579, 1751424038.7256374, 1751424038.789721, 1751424038.8596246, 1751424038.9288456]"
297,90,207,"[1751424039.2148266, 1751424039.3256571, 1751424039.326155, 1751424039.3919709, 1751424039.4544742, 1751424039.5175133, 1751424039.5800498, 1751424039.6454577, 1751424039.7107565, 1751424039.7773807, 1751424039.8427877, 1751424039.907008, 1751424039.9717972, 1751424040.0378983, 1751424040.103915, 1751424040.1694787, 1751424040.2354085, 1751424040.3031652, 1751424040.365946, 1751424040.4271553, 1751424040.4891012, 1751424040.5554264, 1751424040.61879, 1751424040.6830359, 1751424040.750657, 1751424040.815857, 1751424040.8827727, 1751424040.95089, 1751424041.0148633, 1751424041.0814366, 1751424041.1463647, 1751424041.209468, 1751424041.2768338, 1751424041.3459237, 1751424041.4102335, 1751424041.4778817, 1751424041.5419614, 1751424041.6088452, 1751424041.6718109, 1751424041.7340364, 1751424041.8012066, 1751424041.8638961, 1751424041.9320273, 1751424041.9957528, 1751424042.06359]"
321,90,231,"[1751424042.3365097, 1751424042.450021, 1751424042.450642, 1751424042.5139475, 1751424042.5794525, 1751424042.641969, 1751424042.7035065, 1751424042.7664926, 1751424042.832633, 1751424042.8957727, 1751424042.9572637, 1751424043.0192063, 1751424043.0866985, 1751424043.149749, 1751424043.2161305, 1751424043.2783878, 1751424043.3397424, 1751424043.4011984, 1751424043.465147, 1751424043.530231, 1751424043.592886, 1751424043.6577578, 1751424043.7211668, 1751424043.7850223, 1751424043.8532224, 1751424043.9199069, 1751424043.988641, 1751424044.0524619, 1751424044.1176143, 1751424044.1829624, 1751424044.2482429, 1751424044.3130932, 1751424044.3801382, 1751424044.4491153, 1751424044.5137677, 1751424044.58035, 1751424044.6440265, 1751424044.7120554, 1751424044.7752798, 1751424044.8432593, 1751424044.9079027, 1751424044.9767337, 1751424045.0462594, 1751424045.1105895, 1751424045.181348]"
377,140,237,"[1751424045.4653358, 1751424045.576742, 1751424045.5772636, 1751424045.6436753, 1751424045.705965, 1751424045.7668338, 1751424045.826874, 1751424045.8885014, 1751424045.949035, 1751424046.0103908, 1751424046.0702167, 1751424046.1316464, 1751424046.198194, 1751424046.2614303, 1751424046.324001, 1751424046.390604, 1751424046.4535947, 1751424046.5149727, 1751424046.5757463, 1751424046.6373177, 1751424046.7013824, 1751424046.7666767, 1751424046.8310974, 1751424046.89922, 1751424046.9694126, 1751424047.0401661, 1751424047.1075866, 1751424047.17467, 1751424047.2440004, 1751424047.314359, 1751424047.3854744, 1751424047.456014, 1751424047.526856, 1751424047.59785, 1751424047.668536, 1751424047.7390504, 1751424047.8107567, 1751424047.8809066, 1751424047.9521384, 1751424048.022329, 1751424048.0929294, 1751424048.1630251, 1751424048.2270427, 1751424048.2947888, 1751424048.3648653, 1751424048.4306781, 1751424048.4982333, 1751424048.5672324, 1751424048.6374927, 1751424048.7035563, 1751424048.7701724, 1751424048.8402877, 1751424048.910651, 1751424048.9776049, 1751424049.0438037, 1751424049.113178, 1751424049.1834874, 1751424049.254134, 1751424049.322251, 1751424049.3890316, 1751424049.4577303, 1751424049.5280166, 1751424049.5993404, 1751424049.670381, 1751424049.7414715, 1751424049.8115616, 1751424049.8814032, 1751424049.9472222, 1751424050.017011, 1751424050.086595]"
425,114,311,"[1751424050.39389, 1751424050.5496366, 1751424050.550828, 1751424050.621683, 1751424050.6907763, 1751424050.7565734, 1751424050.8247194, 1751424050.8931277, 1751424050.9565709, 1751424051.0225384, 1751424051.0863175, 1751424051.1489139, 1751424051.2160091, 1751424051.27887, 1751424051.3422418, 1751424051.4080245, 1751424051.4718807, 1751424051.539455, 1751424051.6070247, 1751424051.6727211, 1751424051.7413273, 1751424051.80581, 1751424051.8734975, 1751424051.9376225, 1751424052.0044599, 1751424052.0682392, 1751424052.1364803, 1751424052.2009935, 1751424052.268065, 1751424052.3370304, 1751424052.4018543, 1751424052.4699728, 1751424052.5393202, 1751424052.6028142, 1751424052.6713254, 1751424052.7763085, 1751424052.8458772, 1751424052.9136508, 1751424052.9783275, 1751424053.0462742, 1751424053.1159596, 1751424053.1809847, 1751424053.2486153, 1751424053.317622, 1751424053.382366, 1751424053.4493713, 1751424053.5197802, 1751424053.5849597, 1751424053.652616, 1751424053.7230127, 1751424053.7939746, 1751424053.8655133, 1751424053.9383113, 1751424054.0084145, 1751424054.0775666, 1751424054.1472082, 1751424054.217995]"
647,234,413,"[1751424054.5059237, 1751424054.6946867, 1751424054.6953213, 1751424054.761224, 1751424054.8280034, 1751424054.8964946, 1751424054.961532, 1751424055.028721, 1751424055.0978906, 1751424055.161335, 1751424055.2244217, 1751424055.2924476, 1751424055.3620143, 1751424055.4289684, 1751424055.4960914, 1751424055.5670078, 1751424055.6364837, 1751424055.7056293, 1751424055.770243, 1751424055.8387222, 1751424055.9083, 1751424055.9741647, 1751424056.0431144, 1751424056.1111073, 1751424056.17412, 1751424056.2390242, 1751424056.305291, 1751424056.3753808, 1751424056.4450111, 1751424056.5096326, 1751424056.5772648, 1751424056.6481278, 1751424056.7190592, 1751424056.787963, 1751424056.8509374, 1751424056.9187362, 1751424056.9822881, 1751424057.049509, 1751424057.1151228, 1751424057.182276, 1751424057.2497218, 1751424057.3147612, 1751424057.3814454, 1751424057.4464865, 1751424057.5146267, 1751424057.5781384, 1751424057.6465843, 1751424057.7107925, 1751424057.7781193, 1751424057.8417785, 1751424057.906921, 1751424057.973187, 1751424058.041172, 1751424058.1095357, 1751424058.173942, 1751424058.243131, 1751424058.3106816, 1751424058.3770146, 1751424058.4454756, 1751424058.5167217, 1751424058.5877354, 1751424058.657516, 1751424058.7271984, 1751424058.7920601, 1751424058.8619328, 1751424058.9347, 1751424059.0062077, 1751424059.0767565, 1751424059.1435812, 1751424059.2124639, 1751424059.2815444, 1751424059.3461494, 1751424059.414666, 1751424059.4842749, 1751424059.5481517, 1751424059.6172674, 1751424059.687469, 1751424059.7574306, 1751424059.82514, 1751424059.8910692, 1751424059.9576502, 1751424060.024699, 1751424060.093161, 1751424060.164262, 1751424060.235627, 1751424060.304913, 1751424060.3752027, 1751424060.4458265, 1751424060.515578, 1751424060.585521, 1751424060.656569, 1751424060.728349, 1751424060.7981374, 1751424060.8701153, 1751424060.9402971, 1751424061.0102422, 1751424061.0807674, 1751424061.1513183, 1751424061.2192092, 1751424061.290372, 1751424061.362256, 1751424061.4326806, 1751424061.5035605, 1751424061.573978, 1751424061.6449664, 1751424061.7163033, 1751424061.7861686, 1751424061.8566082, 1751424061.9270167, 1751424061.9977598, 1751424062.0690024, 1751424062.1399558, 1751424062.2110527, 1751424062.2818887, 1751424062.352781, 1751424062.4239717, 1751424062.494951]"
847,572,275,"[1751424062.7857718, 1751424062.9411767, 1751424062.9418042, 1751424063.0091426, 1751424063.071974, 1751424063.1360295, 1751424063.203485, 1751424063.270256, 1751424063.3330007, 1751424063.393703, 1751424063.4550304, 1751424063.516879, 1751424063.5834706, 1751424063.6459365, 1751424063.7074995, 1751424063.7688775, 1751424063.8345215, 1751424063.8983412, 1751424063.9634054, 1751424064.0286922, 1751424064.091485, 1751424064.1539948, 1751424064.2201529, 1751424064.2830582, 1751424064.3454797, 1751424064.4102068, 1751424064.4749072, 1751424064.5431452, 1751424064.60591, 1751424064.6680098, 1751424064.735384, 1751424064.7993524, 1751424064.866575, 1751424064.9299061, 1751424064.9978273, 1751424065.0618253, 1751424065.1297455, 1751424065.1932955, 1751424065.260295, 1751424065.3254423, 1751424065.394193, 1751424065.4578927, 1751424065.5260012, 1751424065.5926185, 1751424065.6590264, 1751424065.7280428, 1751424065.7913344, 1751424065.8608875, 1751424065.9293182, 1751424065.9937003, 1751424066.0639985, 1751424066.134571, 1751424066.2041037, 1751424066.2704058, 1751424066.3366773, 1751424066.4068937, 1751424066.471734, 1751424066.555716, 1751424066.6220543, 1751424066.6903195, 1751424066.757568, 1751424066.8238301, 1751424066.892818, 1751424066.9616656, 1751424067.027076, 1751424067.0962176, 1751424067.1629136, 1751424067.2332206, 1751424067.3029726, 1751424067.370555, 1751424067.440027, 1751424067.5099063, 1751424067.5806544, 1751424067.6503952, 1751424067.7195492, 1751424067.78475, 1751424067.8539975, 1751424067.9257474, 1751424067.9963446, 1751424068.065242, 1751424068.134963, 1751424068.204294, 1751424068.2731316, 1751424068.3388705, 1751424068.407139, 1751424068.477155, 1751424068.5473342, 1751424068.6177769, 1751424068.6888292, 1751424068.7563581, 1751424068.8234568, 1751424068.89181, 1751424068.9618862, 1751424069.0324569, 1751424069.1036482, 1751424069.1740057, 1751424069.2452126, 1751424069.313379, 1751424069.3818908, 1751424069.4511578, 1751424069.5201006, 1751424069.5903838, 1751424069.6607583, 1751424069.7311254, 1751424069.8018265, 1751424069.8725438, 1751424069.9434817, 1751424070.0144606, 1751424070.0857916, 1751424070.1568348, 1751424070.2280233, 1751424070.2985399, 1751424070.3712623, 1751424070.443726, 1751424070.5132577, 1751424070.5837417, 1751424070.653783, 1751424070.7241323, 1751424070.795191, 1751424070.8686266, 1751424070.938913, 1751424071.0089917, 1751424071.0798016, 1751424071.1507435, 1751424071.221611, 1751424071.291647, 1751424071.3620963, 1751424071.4345312, 1751424071.5052617, 1751424071.5748894, 1751424071.6473029, 1751424071.7190104, 1751424071.7878268, 1751424071.8578472, 1751424071.9280443, 1751424071.9989698, 1751424072.070077, 1751424072.1415417, 1751424072.2121441, 1751424072.2828095, 1751424072.353942, 1751424072.4251912, 1751424072.4958189, 1751424072.566657, 1751424072.6368542, 1751424072.7091978, 1751424072.7878973, 1751424072.860916, 1751424072.9344153, 1751424073.0095854, 1751424073.0817902, 1751424073.1540854, 1751424073.2242572, 1751424073.29446, 1751424073.365995, 1751424073.4368148, 1751424073.507742, 1751424073.580278, 1751424073.652454, 1751424073.727099, 1751424073.7988317, 1751424073.8703632, 1751424073.9431684, 1751424074.014448, 1751424074.0852406, 1751424074.1548722, 1751424074.2257638, 1751424074.2963934, 1751424074.3706048, 1751424074.4469757, 1751424074.5197053, 1751424074.5905867, 1751424074.6612027, 1751424074.731999, 1751424074.8028288, 1751424074.8735669, 1751424074.944225, 1751424075.0151043, 1751424075.0865679, 1751424075.1596632, 1751424075.2368436, 1751424075.3090506, 1751424075.3806305, 1751424075.4547484, 1751424075.5300663, 1751424075.6019216, 1751424075.6746972, 1751424075.7497525, 1751424075.8235161, 1751424075.8993118, 1751424075.9701526, 1751424076.0460906, 1751424076.1198604, 1751424076.1893518, 1751424076.2652352, 1751424076.3402865, 1751424076.4165637, 1751424076.491732, 1751424076.5701952, 1751424076.6462212, 1751424076.723751, 1751424076.797959, 1751424076.8754115, 1751424076.9500139, 1751424077.027798, 1751424077.1078532, 1751424077.1811411, 1751424077.2551446, 1751424077.3310592, 1751424077.403921, 1751424077.4814317, 1751424077.554772, 1751424077.6302896, 1751424077.7057974, 1751424077.78605, 1751424077.860357, 1751424077.9396706, 1751424078.0198917, 1751424078.0959446, 1751424078.1716247, 1751424078.2513795, 1751424078.3247588, 1751424078.4029677, 1751424078.4770749, 1751424078.5552266, 1751424078.6290958, 1751424078.7067676, 1751424078.7804406, 1751424078.8584814, 1751424078.9322865, 1751424079.0111184, 1751424079.0857005, 1751424079.1642647, 1751424079.245777, 1751424079.3246417, 1751424079.399485, 1751424079.4779584, 1751424079.5531266, 1751424079.6299088, 1751424079.7098598, 1751424079.7832894, 1751424079.8647282, 1751424079.942913, 1751424080.0207262, 1751424080.097217, 1751424080.1803305, 1751424080.2629163, 1751424080.3441174, 1751424080.421648, 1751424080.500791, 1751424080.5830953, 1751424080.6633568, 1751424080.7432892, 1751424080.824118, 1751424080.9053917, 1751424080.9856627, 1751424081.066606, 1751424081.1458378, 1751424081.2262888, 1751424081.3070457, 1751424081.387758, 1751424081.468611, 1751424081.5492604, 1751424081.629756, 1751424081.7104893, 1751424081.7911587, 1751424081.8729298, 1751424081.9536715, 1751424082.0348802, 1751424082.1169064, 1751424082.1996558, 1751424082.2808132, 1751424082.3626516, 1751424082.4440308, 1751424082.5235646, 1751424082.6035748, 1751424082.6850383, 1751424082.7669802, 1751424082.8492692, 1751424082.9284093, 1751424083.009103, 1751424083.0896916, 1751424083.1701283, 1751424083.2538135, 1751424083.3326507, 1751424083.4127858]"
695,254,441,"[1751424083.75934, 1751424083.9491627, 1751424083.9497883, 1751424084.018277, 1751424084.0806139, 1751424084.1411655, 1751424084.2024496, 1751424084.2644694, 1751424084.327212, 1751424084.3922153, 1751424084.4559724, 1751424084.5223048, 1751424084.585133, 1751424084.6468048, 1751424084.708339, 1751424084.7747922, 1751424084.837946, 1751424084.906013, 1751424084.969187, 1751424085.031549, 1751424085.0979097, 1751424085.1607573, 1751424085.2227533, 1751424085.2898247, 1751424085.35266, 1751424085.418954, 1751424085.480195, 1751424085.5464318, 1751424085.615485, 1751424085.6844988, 1751424085.7483873, 1751424085.8162186, 1751424085.8811128, 1751424085.9473853, 1751424086.012094, 1751424086.079281, 1751424086.1431737, 1751424086.2121046, 1751424086.283374, 1751424086.3543212, 1751424086.424798, 1751424086.496536, 1751424086.5669825, 1751424086.6376677, 1751424086.7089841, 1751424086.7784111, 1751424086.8476913, 1751424086.9126525, 1751424086.9794958, 1751424087.0502129, 1751424087.1211367, 1751424087.1868498, 1751424087.2528312, 1751424087.3211055, 1751424087.3860247, 1751424087.4540462, 1751424087.51747, 1751424087.5858474, 1751424087.651183, 1751424087.717789, 1751424087.7870038, 1751424087.8523185, 1751424087.9235673, 1751424087.9921832, 1751424088.0614386, 1751424088.1315532, 1751424088.2010667, 1751424088.267647, 1751424088.3358212, 1751424088.406229, 1751424088.4767358, 1751424088.5472348, 1751424088.6173353, 1751424088.6866395, 1751424088.7521844, 1751424088.8211765, 1751424088.8917146, 1751424088.963477, 1751424089.0318837, 1751424089.1007426, 1751424089.1650882, 1751424089.233332, 1751424089.3037133, 1751424089.3737388, 1751424089.441126, 1751424089.5078192, 1751424089.5770204, 1751424089.646845, 1751424089.7144313, 1751424089.7803457, 1751424089.850237, 1751424089.9202487, 1751424089.9908147, 1751424090.0614414, 1751424090.1325912, 1751424090.2017953, 1751424090.2719548, 1751424090.3431237, 1751424090.414067, 1751424090.4849246, 1751424090.555859, 1751424090.626691, 1751424090.6979995, 1751424090.7682464, 1751424090.8388789, 1751424090.9100657, 1751424090.9808013, 1751424091.0510378, 1751424091.121987, 1751424091.1932256, 1751424091.2642791, 1751424091.3346736, 1751424091.4055734, 1751424091.4772167, 1751424091.5490005, 1751424091.6192217, 1751424091.6908717, 1751424091.761433, 1751424091.8322341, 1751424091.9034557, 1751424091.97307, 1751424092.0440753, 1751424092.1149044, 1751424092.1848361, 1751424092.2557576, 1751424092.3269, 1751424092.3972886]"
441,52,389,"[1751424092.6849542, 1751424092.872508, 1751424092.873157, 1751424092.9417248, 1751424093.0048745, 1751424093.0670996, 1751424093.1324189, 1751424093.1986935, 1751424093.2650452, 1751424093.3265152, 1751424093.3879607, 1751424093.4487066, 1751424093.5101435, 1751424093.5715833, 1751424093.6322017, 1751424093.6949878, 1751424093.760164, 1751424093.8221638, 1751424093.8836896, 1751424093.9467785, 1751424094.0124466, 1751424094.0748703, 1751424094.1365848, 1751424094.200664, 1751424094.2662065, 1751424094.3349795]"
351,52,299,"[1751424094.6052997, 1751424094.762475, 1751424094.7630887, 1751424094.827043, 1751424094.892998, 1751424094.9540248, 1751424095.0169413, 1751424095.0778193, 1751424095.1390078, 1751424095.1996746, 1751424095.261269, 1751424095.3274608, 1751424095.3905885, 1751424095.4518871, 1751424095.5131714, 1751424095.5755835, 1751424095.6415043, 1751424095.704377, 1751424095.766393, 1751424095.8332849, 1751424095.8965845, 1751424095.9579828, 1751424096.0245998, 1751424096.087849, 1751424096.1516788, 1751424096.2150183]"
521,100,421,"[1751424096.4859507, 1751424096.6768427, 1751424096.6774633, 1751424096.7452078, 1751424096.8078907, 1751424096.8685184, 1751424096.9291487, 1751424096.9926097, 1751424097.0594213, 1751424097.126804, 1751424097.1914585, 1751424097.261337, 1751424097.325428, 1751424097.3911588, 1751424097.4542801, 1751424097.5213745, 1751424097.5854077, 1751424097.6480927, 1751424097.714313, 1751424097.7771323, 1751424097.8374505, 1751424097.9023275, 1751424097.96788, 1751424098.036003, 1751424098.0997033, 1751424098.1649413, 1751424098.2304056, 1751424098.2987595, 1751424098.3620687, 1751424098.4262855, 1751424098.491122, 1751424098.5539138, 1751424098.61484, 1751424098.6779804, 1751424098.7458177, 1751424098.8136973, 1751424098.8772953, 1751424098.9451845, 1751424099.0084095, 1751424099.0764847, 1751424099.1407554, 1751424099.209514, 1751424099.2791245, 1751424099.3423529, 1751424099.410655, 1751424099.4746573, 1751424099.5416796, 1751424099.6054063, 1751424099.6731987, 1751424099.737177]"
581,312,269,"[1751424100.0150242, 1751424100.1695623, 1751424100.170176, 1751424100.2381892, 1751424100.3011618, 1751424100.3625805, 1751424100.4244964, 1751424100.4931936, 1751424100.5567045, 1751424100.6233807, 1751424100.6860898, 1751424100.7501178, 1751424100.816762, 1751424100.879415, 1751424100.9418988, 1751424101.0082157, 1751424101.0725355, 1751424101.1391256, 1751424101.2021697, 1751424101.2686288, 1751424101.3327615, 1751424101.3965147, 1751424101.4628897, 1751424101.5252905, 1751424101.5875561, 1751424101.654111, 1751424101.717464, 1751424101.7858975, 1751424101.8495822, 1751424101.9154453, 1751424101.9801822, 1751424102.0492449, 1751424102.1143696, 1751424102.1818678, 1751424102.2446957, 1751424102.3128567, 1751424102.378662, 1751424102.4460459, 1751424102.5159123, 1751424102.5804474, 1751424102.6490219, 1751424102.7183263, 1751424102.78813, 1751424102.853512, 1751424102.921522, 1751424102.9922686, 1751424103.061972, 1751424103.1249285, 1751424103.1926615, 1751424103.2554522, 1751424103.3197172, 1751424103.3857327, 1751424103.4515874, 1751424103.5175083, 1751424103.5865712, 1751424103.6508968, 1751424103.7282302, 1751424103.8118281, 1751424103.881866, 1751424103.94652, 1751424104.0146992, 1751424104.0813992, 1751424104.1477714, 1751424104.2163742, 1751424104.285951, 1751424104.351142, 1751424104.419032, 1751424104.4890792, 1751424104.559643, 1751424104.629303, 1751424104.694931, 1751424104.762823, 1751424104.834033, 1751424104.9006214, 1751424104.9659896, 1751424105.0349684, 1751424105.103746, 1751424105.168398, 1751424105.2373655, 1751424105.307315, 1751424105.3756511, 1751424105.4414256, 1751424105.510469, 1751424105.5805137, 1751424105.6481984, 1751424105.714635, 1751424105.7840712, 1751424105.854407, 1751424105.925931, 1751424105.9968388, 1751424106.068335, 1751424106.138987, 1751424106.2102735, 1751424106.2809331, 1751424106.3523462, 1751424106.423955, 1751424106.4944148, 1751424106.565257, 1751424106.6366098, 1751424106.7084916, 1751424106.7749052, 1751424106.8425813, 1751424106.9115055, 1751424106.9801354, 1751424107.0484273, 1751424107.1198933, 1751424107.1897686, 1751424107.2609105, 1751424107.332486, 1751424107.4034345, 1751424107.473964, 1751424107.5446978, 1751424107.6144388, 1751424107.686422, 1751424107.7580974, 1751424107.8285558, 1751424107.8971102, 1751424107.9661863, 1751424108.0366702, 1751424108.1034958, 1751424108.1713667, 1751424108.2401435, 1751424108.310384, 1751424108.3815203, 1751424108.4524887, 1751424108.5226536, 1751424108.5935316, 1751424108.664497, 1751424108.7348351, 1751424108.8055658, 1751424108.8758218, 1751424108.947073, 1751424109.018403, 1751424109.0895762, 1751424109.1601877, 1751424109.231415, 1751424109.3025677, 1751424109.3725426, 1751424109.444007, 1751424109.5144055, 1751424109.5855176, 1751424109.65789, 1751424109.7286437, 1751424109.7997518, 1751424109.870209, 1751424109.9409318, 1751424110.011272, 1751424110.0846763, 1751424110.1558456, 1751424110.2250788, 1751424110.2951758, 1751424110.3663404, 1751424110.4381814, 1751424110.5088134, 1751424110.5793972, 1751424110.6507378]"
245,96,149,"[1751424110.9382172, 1751424111.047305, 1751424111.0478113, 1751424111.1136315, 1751424111.1769633, 1751424111.238275, 1751424111.298044, 1751424111.358551, 1751424111.4187944, 1751424111.4800968, 1751424111.541492, 1751424111.6025987, 1751424111.6628761, 1751424111.7240283, 1751424111.7844455, 1751424111.8456345, 1751424111.9072025, 1751424111.9723163, 1751424112.0363243, 1751424112.1004608, 1751424112.1669662, 1751424112.2298782, 1751424112.2907445, 1751424112.352388, 1751424112.4128456, 1751424112.4736688, 1751424112.5357368, 1751424112.6022446, 1751424112.6657722, 1751424112.729704, 1751424112.7972388, 1751424112.8668113, 1751424112.9308305, 1751424112.998324, 1751424113.0635362, 1751424113.131041, 1751424113.2011893, 1751424113.2645748, 1751424113.3311985, 1751424113.397945, 1751424113.465812, 1751424113.5300071, 1751424113.597187, 1751424113.6610913, 1751424113.7279546, 1751424113.7919571, 1751424113.8608637, 1751424113.932983]"
797,380,417,"[1751424114.2177339, 1751424114.4035416, 1751424114.4040592, 1751424114.4671578, 1751424114.5282757, 1751424114.5885036, 1751424114.6491776, 1751424114.7098286, 1751424114.7706544, 1751424114.8316505, 1751424114.8920941, 1751424114.95297, 1751424115.0136633, 1751424115.0743132, 1751424115.135162, 1751424115.1958952, 1751424115.256977, 1751424115.317864, 1751424115.3779814, 1751424115.440766, 1751424115.5065544, 1751424115.5699415, 1751424115.6328473, 1751424115.6992276, 1751424115.7635815, 1751424115.8317978, 1751424115.8950207, 1751424115.9638546, 1751424116.0312614, 1751424116.098164, 1751424116.1673055, 1751424116.237718, 1751424116.3069906, 1751424116.3732505, 1751424116.4420097, 1751424116.5123549, 1751424116.5821016, 1751424116.653335, 1751424116.7656443, 1751424116.834195, 1751424116.897531, 1751424116.965224, 1751424117.0305922, 1751424117.097979, 1751424117.1668847, 1751424117.2317479, 1751424117.300357, 1751424117.3693507, 1751424117.4332006, 1751424117.50087, 1751424117.5657809, 1751424117.6326005, 1751424117.6957967, 1751424117.763275, 1751424117.82757, 1751424117.895475, 1751424117.9663422, 1751424118.0359752, 1751424118.102159, 1751424118.1697438, 1751424118.2394896, 1751424118.3101258, 1751424118.3803432, 1751424118.4509435, 1751424118.5224414, 1751424118.5940437, 1751424118.6648436, 1751424118.7358134, 1751424118.8050056, 1751424118.8730836, 1751424118.938314, 1751424119.007815, 1751424119.0778465, 1751424119.1478162, 1751424119.2140656, 1751424119.2815626, 1751424119.3506923, 1751424119.416982, 1751424119.483508, 1751424119.5531547, 1751424119.6232786, 1751424119.6933455, 1751424119.7625406, 1751424119.8284667, 1751424119.8960257, 1751424119.9664068, 1751424120.037661, 1751424120.108769, 1751424120.1795838, 1751424120.2498012, 1751424120.3201344, 1751424120.3926902, 1751424120.4650698, 1751424120.5343177, 1751424120.6042566, 1751424120.6745222, 1751424120.7459524, 1751424120.81571, 1751424120.8857162, 1751424120.9565175, 1751424121.025871, 1751424121.0958967, 1751424121.1626759, 1751424121.231603, 1751424121.302249, 1751424121.3736653, 1751424121.4439578, 1751424121.514673, 1751424121.5848446, 1751424121.6560051, 1751424121.7270586, 1751424121.798153, 1751424121.8690984, 1751424121.9388905, 1751424122.0098689, 1751424122.081493, 1751424122.1524415, 1751424122.2233434, 1751424122.2947814, 1751424122.3657331, 1751424122.4367251, 1751424122.507035, 1751424122.5786037, 1751424122.6487424, 1751424122.7218337, 1751424122.7930307, 1751424122.8633068, 1751424122.9335496, 1751424123.0043058, 1751424123.0742555, 1751424123.148107, 1751424123.2182324, 1751424123.2868447, 1751424123.3579934, 1751424123.4286182, 1751424123.500021, 1751424123.5705044, 1751424123.6414793, 1751424123.712779, 1751424123.7818167, 1751424123.8549354, 1751424123.9297664, 1751424124.0044966, 1751424124.0771708, 1751424124.147825, 1751424124.2178972, 1751424124.288624, 1751424124.3588822, 1751424124.431112, 1751424124.5010974, 1751424124.5711772, 1751424124.6421225, 1751424124.7130344, 1751424124.783757, 1751424124.85482, 1751424124.9254699, 1751424124.9966218, 1751424125.067921, 1751424125.1385608, 1751424125.209306, 1751424125.2800536, 1751424125.3517861, 1751424125.4231062, 1751424125.4929898, 1751424125.5642655, 1751424125.6357214, 1751424125.706336, 1751424125.7769341, 1751424125.8483238, 1751424125.919354, 1751424125.9898658, 1751424126.0615106, 1751424126.1322644, 1751424126.204922, 1751424126.2819703, 1751424126.3549302, 1751424126.4262085, 1751424126.4976978, 1751424126.5727475, 1751424126.6460207, 1751424126.7197788, 1751424126.7953947, 1751424126.869128, 1751424126.9468584, 1751424127.0204268, 1751424127.0978398, 1751424127.173167, 1751424127.2519965, 1751424127.3638005, 1751424127.443267]"
527,312,215,"[1751424127.736233, 1751424127.8492541, 1751424127.849885, 1751424127.912388, 1751424127.9791641, 1751424128.0411057, 1751424128.1034422, 1751424128.165373, 1751424128.23161, 1751424128.293689, 1751424128.3551526, 1751424128.4161036, 1751424128.4767947, 1751424128.537927, 1751424128.5999851, 1751424128.6660256, 1751424128.728683, 1751424128.789759, 1751424128.8537464, 1751424128.9180183, 1751424128.9809742, 1751424129.043398, 1751424129.1098478, 1751424129.1749365, 1751424129.2426276, 1751424129.3118815, 1751424129.376456, 1751424129.4381504, 1751424129.5055704, 1751424129.5739827, 1751424129.637584, 1751424129.701511, 1751424129.767339, 1751424129.830702, 1751424129.8983278, 1751424129.9611669, 1751424130.0288973, 1751424130.0927117, 1751424130.1601763, 1751424130.2237842, 1751424130.2928576, 1751424130.358203, 1751424130.4253356, 1751424130.4940915, 1751424130.5596995, 1751424130.6265802, 1751424130.6902244, 1751424130.7578158, 1751424130.8216236, 1751424130.8892355, 1751424130.9527483, 1751424131.020086, 1751424131.084421, 1751424131.1529553, 1751424131.2236714, 1751424131.2948167, 1751424131.3657992, 1751424131.4324265, 1751424131.4989004, 1751424131.5677204, 1751424131.6329908, 1751424131.700416, 1751424131.7703815, 1751424131.8362644, 1751424131.9030013, 1751424131.972598, 1751424132.0397995, 1751424132.106331, 1751424132.1750734, 1751424132.2446373, 1751424132.3094726, 1751424132.3742936, 1751424132.4416971, 1751424132.509551, 1751424132.6058102, 1751424132.6745903, 1751424132.7437718, 1751424132.8151457, 1751424132.8847532, 1751424132.9551258, 1751424133.0268953, 1751424133.0967364, 1751424133.1667995, 1751424133.2360709, 1751424133.301395, 1751424133.3692675, 1751424133.4372907, 1751424133.5042932, 1751424133.5727243, 1751424133.6430392, 1751424133.7131834, 1751424133.7841551, 1751424133.8545923, 1751424133.9249196, 1751424133.9961576, 1751424134.0661216, 1751424134.1375492, 1751424134.208784, 1751424134.2801034, 1751424134.3506253, 1751424134.4228723, 1751424134.4941618, 1751424134.565656, 1751424134.6369505, 1751424134.7088761, 1751424134.7795668, 1751424134.850501, 1751424134.9191294, 1751424134.9892652, 1751424135.0602655, 1751424135.131739, 1751424135.201967, 1751424135.2735994, 1751424135.3437877, 1751424135.4145343, 1751424135.485002, 1751424135.5571382, 1751424135.628045, 1751424135.6988893, 1751424135.7697666, 1751424135.8402944, 1751424135.9113567, 1751424135.9830635, 1751424136.0541122, 1751424136.1252787, 1751424136.196334, 1751424136.2669897, 1751424136.3380098, 1751424136.4110715, 1751424136.479727, 1751424136.5500953, 1751424136.6214843, 1751424136.6932826, 1751424136.7631493, 1751424136.8330123, 1751424136.9038815, 1751424136.974762, 1751424137.0457618, 1751424137.1173856, 1751424137.1872087, 1751424137.2580357, 1751424137.3288665, 1751424137.4000907, 1751424137.4711316, 1751424137.5422018, 1751424137.6136305, 1751424137.7262182, 1751424137.797624, 1751424137.8704767, 1751424137.945264, 1751424138.0223522, 1751424138.0964534, 1751424138.1691103, 1751424138.2397764, 1751424138.3105853, 1751424138.3807614]"
349,118,231,"[1751424138.6678689, 1751424138.782824, 1751424138.7833903, 1751424138.845861, 1751424138.9068651, 1751424138.9678986, 1751424139.0360398, 1751424139.1057034, 1751424139.1684213, 1751424139.2291572, 1751424139.2899094, 1751424139.3501997, 1751424139.4117346, 1751424139.4731593, 1751424139.5358546, 1751424139.6015513, 1751424139.6656518, 1751424139.727173, 1751424139.789584, 1751424139.8555677, 1751424139.9201627, 1751424139.9872212, 1751424140.0515647, 1751424140.1193502, 1751424140.1842518, 1751424140.2502549, 1751424140.3132257, 1751424140.3736894, 1751424140.436738, 1751424140.50323, 1751424140.5662627, 1751424140.629199, 1751424140.6956115, 1751424140.7585673, 1751424140.8232741, 1751424140.888454, 1751424140.954015, 1751424141.020345, 1751424141.0828583, 1751424141.1477644, 1751424141.2131727, 1751424141.2827582, 1751424141.3463132, 1751424141.4082508, 1751424141.4773111, 1751424141.54685, 1751424141.6106944, 1751424141.6784644, 1751424141.742965, 1751424141.8108542, 1751424141.8749986, 1751424141.9416387, 1751424142.0060823, 1751424142.0753007, 1751424142.13903, 1751424142.206537, 1751424142.2706795, 1751424142.3380098, 1751424142.4033206]"
503,216,287,"[1751424142.6755593, 1751424142.8317413, 1751424142.8322449, 1751424142.8963864, 1751424142.9585655, 1751424143.0186365, 1751424143.0804632, 1751424143.1401165, 1751424143.2006645, 1751424143.2614193, 1751424143.3220494, 1751424143.3834724, 1751424143.445061, 1751424143.5107198, 1751424143.5741396, 1751424143.6363935, 1751424143.6974158, 1751424143.7584403, 1751424143.8219461, 1751424143.8892817, 1751424143.9575882, 1751424144.021743, 1751424144.0889692, 1751424144.1521094, 1751424144.2186036, 1751424144.2829587, 1751424144.3491993, 1751424144.4146755, 1751424144.483561, 1751424144.5463455, 1751424144.6095023, 1751424144.6749315, 1751424144.7383902, 1751424144.8027484, 1751424144.868324, 1751424144.9312375, 1751424144.9983418, 1751424145.061748, 1751424145.125861, 1751424145.191665, 1751424145.256336, 1751424145.3225827, 1751424145.385857, 1751424145.4544587, 1751424145.5197392, 1751424145.5861917, 1751424145.656178, 1751424145.7210376, 1751424145.7892723, 1751424145.8593485, 1751424145.9266129, 1751424145.9956293, 1751424146.0645337, 1751424146.133, 1751424146.2048664, 1751424146.2755837, 1751424146.3468192, 1751424146.4155357, 1751424146.4830213, 1751424146.551986, 1751424146.6215746, 1751424146.691668, 1751424146.760731, 1751424146.830315, 1751424146.900593, 1751424146.9660242, 1751424147.033934, 1751424147.1045318, 1751424147.1752965, 1751424147.2450056, 1751424147.3120117, 1751424147.3777533, 1751424147.447858, 1751424147.5176888, 1751424147.5833519, 1751424147.6505494, 1751424147.7205875, 1751424147.790259, 1751424147.8602087, 1751424147.9273722, 1751424147.9967206, 1751424148.0661936, 1751424148.137434, 1751424148.2080705, 1751424148.2777686, 1751424148.3477936, 1751424148.4196496, 1751424148.4907756, 1751424148.561196, 1751424148.631692, 1751424148.7026033, 1751424148.7727938, 1751424148.8439748, 1751424148.9150312, 1751424148.9859705, 1751424149.05756, 1751424149.127586, 1751424149.1971912, 1751424149.2680852, 1751424149.338541, 1751424149.4091728, 1751424149.4799054, 1751424149.5503547, 1751424149.6195378, 1751424149.6866302, 1751424149.7553132, 1751424149.8251112, 1751424149.8962624]"
365,98,267,"[1751424150.1792035, 1751424150.3329377, 1751424150.3335576, 1751424150.401212, 1751424150.513875, 1751424150.5779877, 1751424150.6455395, 1751424150.7086117, 1751424150.7727654, 1751424150.8384953, 1751424150.9063413, 1751424150.971575, 1751424151.0386252, 1751424151.1005023, 1751424151.1628, 1751424151.22746, 1751424151.2935324, 1751424151.3622313, 1751424151.425212, 1751424151.495571, 1751424151.5622244, 1751424151.6261904, 1751424151.6911392, 1751424151.7576246, 1751424151.8208098, 1751424151.8840063, 1751424151.9509833, 1751424152.019938, 1751424152.0842886, 1751424152.1487658, 1751424152.213828, 1751424152.2764046, 1751424152.340236, 1751424152.4013965, 1751424152.4678843, 1751424152.5371008, 1751424152.5998914, 1751424152.6612728, 1751424152.724864, 1751424152.792452, 1751424152.8619688, 1751424152.9264, 1751424152.9934704, 1751424153.056334, 1751424153.126723, 1751424153.1990545, 1751424153.267083, 1751424153.3306985, 1751424153.3979526]"
449,92,357,"[1751424153.6653824, 1751424153.8234844, 1751424153.8239963, 1751424153.8880527, 1751424153.953655, 1751424154.0159245, 1751424154.0769124, 1751424154.1382873, 1751424154.1997545, 1751424154.2612643, 1751424154.3261752, 1751424154.3902435, 1751424154.4546506, 1751424154.520585, 1751424154.582819, 1751424154.6448882, 1751424154.709113, 1751424154.7741516, 1751424154.8378801, 1751424154.9038343, 1751424154.9668953, 1751424155.028567, 1751424155.089133, 1751424155.1528435, 1751424155.2181041, 1751424155.2806432, 1751424155.3423202, 1751424155.4055893, 1751424155.4714606, 1751424155.5345318, 1751424155.5963376, 1751424155.6635149, 1751424155.7266471, 1751424155.7906463, 1751424155.8573258, 1751424155.9260821, 1751424155.9897172, 1751424156.0581489, 1751424156.1219234, 1751424156.1860464, 1751424156.252662, 1751424156.3170366, 1751424156.3840792, 1751424156.453701, 1751424156.5191524, 1751424156.5864177]"
303,68,235,"[1751424156.864002, 1751424156.9752545, 1751424156.9757586, 1751424157.0416195, 1751424157.1054175, 1751424157.1654258, 1751424157.2273633, 1751424157.2935793, 1751424157.3563042, 1751424157.4186435, 1751424157.4811976, 1751424157.5466418, 1751424157.6105757, 1751424157.6722436, 1751424157.738452, 1751424157.8037477, 1751424157.871511, 1751424157.9371824, 1751424158.0001292, 1751424158.0657308, 1751424158.1347947, 1751424158.1984115, 1751424158.2643118, 1751424158.3291118, 1751424158.3974533, 1751424158.460252, 1751424158.5261788, 1751424158.5919797, 1751424158.660553, 1751424158.7234018, 1751424158.7921393, 1751424158.8581448, 1751424158.9255986, 1751424158.9967928]"
195,38,157,"[1751424159.2725093, 1751424159.3822932, 1751424159.3829165, 1751424159.4502044, 1751424159.5129983, 1751424159.5737922, 1751424159.6341956, 1751424159.6945608, 1751424159.7556472, 1751424159.8163447, 1751424159.876689, 1751424159.9374537, 1751424159.9978144, 1751424160.0583074, 1751424160.1195753, 1751424160.1813354, 1751424160.2480373, 1751424160.3108666, 1751424160.3731399]"
525,120,405,"[1751424160.6482944, 1751424160.8364487, 1751424160.8370667, 1751424160.8999214, 1751424160.9685845, 1751424161.0316744, 1751424161.0915582, 1751424161.1531608, 1751424161.220168, 1751424161.2829943, 1751424161.3454537, 1751424161.4126174, 1751424161.4760807, 1751424161.5438187, 1751424161.6079373, 1751424161.6762261, 1751424161.7405884, 1751424161.8083804, 1751424161.8770373, 1751424161.940186, 1751424162.0021098, 1751424162.0662215, 1751424162.1312208, 1751424162.1939838, 1751424162.2589853, 1751424162.323636, 1751424162.386363, 1751424162.4535303, 1751424162.5171244, 1751424162.5840755, 1751424162.6473777, 1751424162.713062, 1751424162.7799373, 1751424162.8498871, 1751424162.9152, 1751424162.9827435, 1751424163.052799, 1751424163.1216311, 1751424163.1859474, 1751424163.2541647, 1751424163.3209324, 1751424163.3890429, 1751424163.4569242, 1751424163.519868, 1751424163.5873091, 1751424163.651326, 1751424163.714645, 1751424163.7817893, 1751424163.851394, 1751424163.915464, 1751424163.9834135, 1751424164.0464778, 1751424164.1157665, 1751424164.179873, 1751424164.2468786, 1751424164.3102903, 1751424164.3800774, 1751424164.4475796, 1751424164.512476, 1751424164.5807736]"
323,154,169,"[1751424164.854605, 1751424164.968285, 1751424164.9688716, 1751424165.036221, 1751424165.098825, 1751424165.160094, 1751424165.221506, 1751424165.28225, 1751424165.342822, 1751424165.4046667, 1751424165.4701881, 1751424165.5338056, 1751424165.5962434, 1751424165.657756, 1751424165.7235723, 1751424165.787406, 1751424165.8492408, 1751424165.910794, 1751424165.9728277, 1751424166.039104, 1751424166.1017928, 1751424166.1634176, 1751424166.2245755, 1751424166.2861202, 1751424166.3476722, 1751424166.4146109, 1751424166.4787033, 1751424166.5457134, 1751424166.6093352, 1751424166.6736534, 1751424166.740594, 1751424166.81041, 1751424166.8778083, 1751424166.9458847, 1751424167.0154724, 1751424167.0857027, 1751424167.1563797, 1751424167.2267063, 1751424167.297496, 1751424167.3684459, 1751424167.4387064, 1751424167.5100234, 1751424167.5785408, 1751424167.6479955, 1751424167.715553, 1751424167.784603, 1751424167.8527486, 1751424167.9244206, 1751424167.9947498, 1751424168.065598, 1751424168.1353614, 1751424168.2057903, 1751424168.2763577, 1751424168.3467634, 1751424168.4177606, 1751424168.4884129, 1751424168.5525532, 1751424168.6191623, 1751424168.6840682, 1751424168.7518368, 1751424168.8219159, 1751424168.891877, 1751424168.9596384, 1751424169.02614, 1751424169.094318, 1751424169.1606603, 1751424169.2280817, 1751424169.297223, 1751424169.3688576, 1751424169.4394326, 1751424169.5096536, 1751424169.5801203, 1751424169.6506119, 1751424169.7215927, 1751424169.7919898, 1751424169.8612409, 1751424169.9296706]"
425,160,265,"[1751424170.2120519, 1751424170.3687348, 1751424170.3693047, 1751424170.4336302, 1751424170.5009115, 1751424170.5698073, 1751424170.634819, 1751424170.7018306, 1751424170.764846, 1751424170.8329148, 1751424170.8984005, 1751424170.9637392, 1751424171.027251, 1751424171.0933506, 1751424171.1572464, 1751424171.2246094, 1751424171.2891092, 1751424171.3532052, 1751424171.419071, 1751424171.4826326, 1751424171.5497375, 1751424171.6190145, 1751424171.6867998, 1751424171.7527075, 1751424171.821144, 1751424171.8908544, 1751424171.956403, 1751424172.0233104, 1751424172.0941656, 1751424172.1648753, 1751424172.2351131, 1751424172.3058197, 1751424172.3725023, 1751424172.439847, 1751424172.50929, 1751424172.579112, 1751424172.648295, 1751424172.7116363, 1751424172.781704, 1751424172.8526173, 1751424172.9219797, 1751424172.987676, 1751424173.0538437, 1751424173.1238089, 1751424173.1882043, 1751424173.256002, 1751424173.3261833, 1751424173.3953898, 1751424173.4609177, 1751424173.5287223, 1751424173.5997567, 1751424173.6703537, 1751424173.7413635, 1751424173.811193, 1751424173.8780208, 1751424173.9460573, 1751424174.0143757, 1751424174.0799181, 1751424174.1477835, 1751424174.2181056, 1751424174.2887368, 1751424174.3600864, 1751424174.4785078, 1751424174.5460699, 1751424174.6123838, 1751424174.682549, 1751424174.7541752, 1751424174.8248746, 1751424174.8972557, 1751424174.96783, 1751424175.0381641, 1751424175.1079857, 1751424175.1784284, 1751424175.249429, 1751424175.3207674, 1751424175.3912709, 1751424175.462945, 1751424175.533516, 1751424175.6045992, 1751424175.6749713]"
515,274,241,"[1751424175.9572704, 1751424176.0707166, 1751424176.0713472, 1751424176.1392899, 1751424176.203161, 1751424176.2709014, 1751424176.335787, 1751424176.402317, 1751424176.4675057, 1751424176.5340607, 1751424176.6031618, 1751424176.6682613, 1751424176.733756, 1751424176.7970202, 1751424176.8589208, 1751424176.9251642, 1751424176.9889548, 1751424177.053505, 1751424177.1199858, 1751424177.1886508, 1751424177.2515109, 1751424177.317903, 1751424177.3818107, 1751424177.4466796, 1751424177.5136254, 1751424177.5834088, 1751424177.6478627, 1751424177.714381, 1751424177.778988, 1751424177.8430345, 1751424177.908075, 1751424177.9763322, 1751424178.0404654, 1751424178.1093855, 1751424178.1789768, 1751424178.2426805, 1751424178.3098757, 1751424178.3738458, 1751424178.4423392, 1751424178.5121932, 1751424178.5767703, 1751424178.6433518, 1751424178.708259, 1751424178.7747335, 1751424178.8407106, 1751424178.9065325, 1751424178.9758239, 1751424179.0397646, 1751424179.1078792, 1751424179.175961, 1751424179.2417305, 1751424179.3093143, 1751424179.3730676, 1751424179.4406607, 1751424179.5048113, 1751424179.5726142, 1751424179.642487, 1751424179.7105522, 1751424179.7762716, 1751424179.844554, 1751424179.9086137, 1751424179.9766703, 1751424180.0481405, 1751424180.1187809, 1751424180.188997, 1751424180.260333, 1751424180.3302095, 1751424180.4013002, 1751424180.4716482, 1751424180.541346, 1751424180.6107724, 1751424180.6755812, 1751424180.74364, 1751424180.8139615, 1751424180.884304, 1751424180.9508348, 1751424181.0173786, 1751424181.0874405, 1751424181.1577272, 1751424181.2280266, 1751424181.2985995, 1751424181.3689659, 1751424181.4397519, 1751424181.5096438, 1751424181.5757644, 1751424181.6437101, 1751424181.7136045, 1751424181.7838466, 1751424181.8538527, 1751424181.9242852, 1751424181.996159, 1751424182.067429, 1751424182.1377025, 1751424182.2071497, 1751424182.2773077, 1751424182.3478613, 1751424182.4185092, 1751424182.4890056, 1751424182.559322, 1751424182.630125, 1751424182.6970642, 1751424182.7665431, 1751424182.836263, 1751424182.9074166, 1751424182.9769268, 1751424183.0484934, 1751424183.1218343, 1751424183.1941733, 1751424183.2613058, 1751424183.3295717, 1751424183.3999047, 1751424183.4709296, 1751424183.5399468, 1751424183.6104581, 1751424183.681914, 1751424183.7521563, 1751424183.8220568, 1751424183.8931618, 1751424183.965369, 1751424184.0362766, 1751424184.1061842, 1751424184.1765397, 1751424184.2468257, 1751424184.3173451, 1751424184.388757, 1751424184.4601393, 1751424184.5304348, 1751424184.6007488, 1751424184.6711354, 1751424184.742401, 1751424184.8128045, 1751424184.8830216, 1751424184.953669, 1751424185.0250285, 1751424185.095623, 1751424185.167027, 1751424185.2379558]"
633,326,307,"[1751424185.5245655, 1751424185.68214, 1751424185.6827574, 1751424185.7455678, 1751424185.8119946, 1751424185.8738267, 1751424185.9357307, 1751424185.9965973, 1751424186.0583665, 1751424186.1180117, 1751424186.1788685, 1751424186.2396302, 1751424186.3006232, 1751424186.3623369, 1751424186.4287086, 1751424186.4908514, 1751424186.552828, 1751424186.6134906, 1751424186.6759436, 1751424186.7420256, 1751424186.8053982, 1751424186.870501, 1751424186.935909, 1751424186.9984832, 1751424187.0629501, 1751424187.1282656, 1751424187.1951163, 1751424187.2615514, 1751424187.3295178, 1751424187.393146, 1751424187.460847, 1751424187.5235174, 1751424187.5912552, 1751424187.6552622, 1751424187.7236435, 1751424187.7863977, 1751424187.850511, 1751424187.9168942, 1751424187.9869442, 1751424188.056195, 1751424188.1201594, 1751424188.187731, 1751424188.2631772, 1751424188.3279192, 1751424188.3951514, 1751424188.463334, 1751424188.5331597, 1751424188.602851, 1751424188.6674519, 1751424188.735382, 1751424188.805202, 1751424188.8693128, 1751424188.9365478, 1751424188.9997127, 1751424189.067002, 1751424189.132254, 1751424189.198812, 1751424189.2640827, 1751424189.3311756, 1751424189.4009507, 1751424189.4714925, 1751424189.5443487, 1751424189.6123586, 1751424189.6808624, 1751424189.745709, 1751424189.8141038, 1751424189.8835847, 1751424189.948164, 1751424190.0167782, 1751424190.0860667, 1751424190.1506245, 1751424190.218587, 1751424190.2871327, 1751424190.3522356, 1751424190.4220645, 1751424190.492401, 1751424190.56262, 1751424190.631105, 1751424190.6972747, 1751424190.7661276, 1751424190.8365204, 1751424190.9026613, 1751424190.9699135, 1751424191.0397768, 1751424191.1100595, 1751424191.18035, 1751424191.2477777, 1751424191.3150005, 1751424191.3844912, 1751424191.4495573, 1751424191.5178607, 1751424191.5880713, 1751424191.6587536, 1751424191.7295902, 1751424191.7998915, 1751424191.870436, 1751424191.9408782, 1751424192.0113063, 1751424192.0829694, 1751424192.153425, 1751424192.2240238, 1751424192.2948391, 1751424192.3649633, 1751424192.4367194, 1751424192.5076506, 1751424192.5785615, 1751424192.649911, 1751424192.7192843, 1751424192.792929, 1751424192.8658767, 1751424192.9365788, 1751424193.0084174, 1751424193.077684, 1751424193.1469219, 1751424193.218028, 1751424193.2894773, 1751424193.3605773, 1751424193.430918, 1751424193.5022967, 1751424193.5733082, 1751424193.6461296, 1751424193.7159653, 1751424193.787946, 1751424193.8610153, 1751424193.934029, 1751424194.0098882, 1751424194.0800478, 1751424194.1513498, 1751424194.2221866, 1751424194.2926114, 1751424194.3638268, 1751424194.4726799, 1751424194.5460963, 1751424194.6173742, 1751424194.6869898, 1751424194.757252, 1751424194.8287437, 1751424194.8986893, 1751424194.9697225, 1751424195.0426586, 1751424195.1192055, 1751424195.1915534, 1751424195.2624915, 1751424195.3330379, 1751424195.4037175, 1751424195.4729033, 1751424195.5435584, 1751424195.61463, 1751424195.6851423, 1751424195.756226, 1751424195.8275552, 1751424195.898445, 1751424195.9690535, 1751424196.0394697, 1751424196.1104712, 1751424196.1816902, 1751424196.251967, 1751424196.3226845, 1751424196.3946762, 1751424196.4650893, 1751424196.5388367, 1751424196.6131546, 1751424196.6853645]"
541,340,201,"[1751424196.9752557, 1751424197.0899622, 1751424197.0904677, 1751424197.1536791, 1751424197.2178855, 1751424197.282434, 1751424197.3451345, 1751424197.4063122, 1751424197.4666553, 1751424197.5277417, 1751424197.588784, 1751424197.6520298, 1751424197.717193, 1751424197.7800927, 1751424197.842567, 1751424197.9086566, 1751424197.9736001, 1751424198.040534, 1751424198.1039424, 1751424198.1721427, 1751424198.2352974, 1751424198.2992284, 1751424198.3650498, 1751424198.4282649, 1751424198.4889867, 1751424198.5532343, 1751424198.6185184, 1751424198.680589, 1751424198.7420828, 1751424198.8054328, 1751424198.8716347, 1751424198.9344814, 1751424198.9980962, 1751424199.0635536, 1751424199.1294036, 1751424199.1960828, 1751424199.260702, 1751424199.328501, 1751424199.3920596, 1751424199.4608088, 1751424199.5245187, 1751424199.5930612, 1751424199.6623576, 1751424199.7259986, 1751424199.7935917, 1751424199.8648832, 1751424199.933303, 1751424199.9975064, 1751424200.0645707, 1751424200.1279233, 1751424200.1958177, 1751424200.2585342, 1751424200.326594, 1751424200.3903344, 1751424200.4628098, 1751424200.5352423, 1751424200.6064167, 1751424200.6764483, 1751424200.7444217, 1751424200.8135898, 1751424200.8780034, 1751424200.945845, 1751424201.0159338, 1751424201.0809698, 1751424201.1481843, 1751424201.2182822, 1751424201.2859218, 1751424201.3518546, 1751424201.4217358, 1751424201.4914727, 1751424201.5612085, 1751424201.6262724, 1751424201.6928651, 1751424201.7593498, 1751424201.826067, 1751424201.8947642, 1751424201.9641325, 1751424202.029532, 1751424202.097515, 1751424202.167677, 1751424202.237723, 1751424202.306402, 1751424202.372825, 1751424202.4424727, 1751424202.5096552, 1751424202.5812871, 1751424202.6525176, 1751424202.7232754, 1751424202.7910092, 1751424202.8585105, 1751424202.9274204, 1751424202.9972882, 1751424203.0679498, 1751424203.1378977, 1751424203.207261, 1751424203.2735147, 1751424203.3412817, 1751424203.411838, 1751424203.481848, 1751424203.55088, 1751424203.6214523, 1751424203.6924942, 1751424203.76307, 1751424203.8337717, 1751424203.9040825, 1751424203.9754927, 1751424204.0473247, 1751424204.1184278, 1751424204.189536, 1751424204.2602348, 1751424204.3308463, 1751424204.4029145, 1751424204.4714675, 1751424204.5436625, 1751424204.6139386, 1751424204.6865506, 1751424204.7579575, 1751424204.8266306, 1751424204.8954988, 1751424204.9660676, 1751424205.036614, 1751424205.1077044, 1751424205.1784997, 1751424205.2486444, 1751424205.320218, 1751424205.391181, 1751424205.461791, 1751424205.5329866, 1751424205.6033962, 1751424205.674557, 1751424205.7458797, 1751424205.8176868, 1751424205.8880308, 1751424205.9586325, 1751424206.0314293, 1751424206.100449, 1751424206.17032, 1751424206.2412157, 1751424206.3133047, 1751424206.3854194, 1751424206.4542816, 1751424206.5263014, 1751424206.5979018, 1751424206.6735222, 1751424206.7477813, 1751424206.8197086, 1751424206.8888469, 1751424206.9577801, 1751424207.028316, 1751424207.1008584, 1751424207.1706975, 1751424207.241071, 1751424207.3112245, 1751424207.3817887, 1751424207.4521194, 1751424207.5236077, 1751424207.5941274, 1751424207.6637604, 1751424207.735723, 1751424207.8055944, 1751424207.8776476, 1751424207.9514687, 1751424208.026177, 1751424208.0995555, 1751424208.1733134, 1751424208.2481766, 1751424208.3208814, 1751424208.3949306, 1751424208.4697797, 1751424208.5429757]"
343,56,287,"[1751424208.8294709, 1751424208.985472, 1751424208.9861, 1751424209.0481536, 1751424209.1115937, 1751424209.1771436, 1751424209.2405689, 1751424209.3011153, 1751424209.3664587, 1751424209.4298222, 1751424209.4919868, 1751424209.5544357, 1751424209.6202226, 1751424209.6830244, 1751424209.7462444, 1751424209.8125527, 1751424209.8759463, 1751424209.9455442, 1751424210.0126913, 1751424210.0791318, 1751424210.146414, 1751424210.213194, 1751424210.2773685, 1751424210.3399267, 1751424210.400767, 1751424210.4677095, 1751424210.5310447, 1751424210.5945127]"
425,162,263,"[1751424210.8653963, 1751424211.0181444, 1751424211.0186837, 1751424211.082043, 1751424211.1468008, 1751424211.210354, 1751424211.2768605, 1751424211.3396409, 1751424211.401323, 1751424211.4629564, 1751424211.5294275, 1751424211.592181, 1751424211.654274, 1751424211.716295, 1751424211.78273, 1751424211.8457832, 1751424211.907873, 1751424211.97458, 1751424212.038566, 1751424212.1053889, 1751424212.1702955, 1751424212.2382646, 1751424212.3013065, 1751424212.364561, 1751424212.4309664, 1751424212.493004, 1751424212.55649, 1751424212.6226292, 1751424212.687584, 1751424212.7551398, 1751424212.8258603, 1751424212.89581, 1751424212.9594321, 1751424213.0265377, 1751424213.089993, 1751424213.1567593, 1751424213.2209175, 1751424213.2881892, 1751424213.352275, 1751424213.4193661, 1751424213.4832273, 1751424213.5501246, 1751424213.6143272, 1751424213.6774967, 1751424213.7440856, 1751424213.8069358, 1751424213.8751903, 1751424213.938856, 1751424214.0069492, 1751424214.0705767, 1751424214.139907, 1751424214.2092865, 1751424214.2733312, 1751424214.3411715, 1751424214.4084005, 1751424214.4763494, 1751424214.5449102, 1751424214.6141412, 1751424214.6837559, 1751424214.7472086, 1751424214.817298, 1751424214.8860018, 1751424214.9511764, 1751424215.017768, 1751424215.0881867, 1751424215.1593852, 1751424215.2299147, 1751424215.2970753, 1751424215.363835, 1751424215.4324427, 1751424215.5028915, 1751424215.5736022, 1751424215.6448612, 1751424215.7151325, 1751424215.7850535, 1751424215.8491404, 1751424215.9177198, 1751424215.9871337, 1751424216.053355, 1751424216.121065, 1751424216.187435]"
481,200,281,"[1751424216.460227, 1751424216.6167312, 1751424216.6173382, 1751424216.6821647, 1751424216.7485135, 1751424216.8108237, 1751424216.8713412, 1751424216.9319494, 1751424216.9921765, 1751424217.0534594, 1751424217.1154325, 1751424217.1814818, 1751424217.246096, 1751424217.3131537, 1751424217.377111, 1751424217.443823, 1751424217.5068934, 1751424217.572576, 1751424217.6391864, 1751424217.7073236, 1751424217.7697623, 1751424217.8333611, 1751424217.898282, 1751424217.9637625, 1751424218.0308452, 1751424218.0942495, 1751424218.1583629, 1751424218.2242365, 1751424218.293693, 1751424218.356677, 1751424218.4187412, 1751424218.4875982, 1751424218.5519497, 1751424218.6178453, 1751424218.6816673, 1751424218.7486298, 1751424218.8126054, 1751424218.8803172, 1751424218.9434865, 1751424219.0108898, 1751424219.0737162, 1751424219.1377444, 1751424219.2040093, 1751424219.267381, 1751424219.334694, 1751424219.397946, 1751424219.4660037, 1751424219.530224, 1751424219.5973802, 1751424219.6609917, 1751424219.7296693, 1751424219.7933168, 1751424219.8606446, 1751424219.9240916, 1751424219.991689, 1751424220.0549786, 1751424220.1226468, 1751424220.186167, 1751424220.2546234, 1751424220.3181698, 1751424220.381752, 1751424220.4502246, 1751424220.5211165, 1751424220.5920863, 1751424220.661899, 1751424220.7324831, 1751424220.802623, 1751424220.8735971, 1751424220.9440246, 1751424221.0136914, 1751424221.083683, 1751424221.1489656, 1751424221.2158697, 1751424221.2859538, 1751424221.3536444, 1751424221.4193425, 1751424221.4887578, 1751424221.5589006, 1751424221.6292918, 1751424221.6993876, 1751424221.7637699, 1751424221.8315895, 1751424221.9013648, 1751424221.969795, 1751424222.035653, 1751424222.1053429, 1751424222.1758497, 1751424222.2463288, 1751424222.3132563, 1751424222.3804846, 1751424222.4500525, 1751424222.5205662, 1751424222.59106, 1751424222.662269, 1751424222.734412, 1751424222.8069582, 1751424222.8759255, 1751424222.9463642, 1751424223.0172298, 1751424223.0878804]"
613,218,395,"[1751424223.3709295, 1751424223.5600033, 1751424223.560628, 1751424223.6227925, 1751424223.6841214, 1751424223.7447925, 1751424223.8059158, 1751424223.8669195, 1751424223.9288855, 1751424223.9947581, 1751424224.058144, 1751424224.12093, 1751424224.186586, 1751424224.2488139, 1751424224.3110194, 1751424224.3720872, 1751424224.4392307, 1751424224.5030036, 1751424224.5674918, 1751424224.6327462, 1751424224.6954174, 1751424224.7563536, 1751424224.8237667, 1751424224.8872497, 1751424224.951422, 1751424225.016483, 1751424225.0793712, 1751424225.142858, 1751424225.208596, 1751424225.2711022, 1751424225.3366826, 1751424225.4018207, 1751424225.470501, 1751424225.5342097, 1751424225.60295, 1751424225.6658473, 1751424225.7307775, 1751424225.7954981, 1751424225.866124, 1751424225.9321828, 1751424225.9983022, 1751424226.0682764, 1751424226.1331177, 1751424226.2015443, 1751424226.2710874, 1751424226.3339732, 1751424226.4045374, 1751424226.4733064, 1751424226.5363867, 1751424226.6045895, 1751424226.6692693, 1751424226.7370155, 1751424226.802325, 1751424226.8679483, 1751424226.9326458, 1751424226.9995847, 1751424227.0646217, 1751424227.1322982, 1751424227.2022953, 1751424227.2669938, 1751424227.3342276, 1751424227.3978496, 1751424227.4673042, 1751424227.538506, 1751424227.6076782, 1751424227.6719651, 1751424227.7392538, 1751424227.804637, 1751424227.874458, 1751424227.9434516, 1751424228.0134845, 1751424228.0841517, 1751424228.1547532, 1751424228.2246535, 1751424228.2945442, 1751424228.358836, 1751424228.4270782, 1751424228.4937305, 1751424228.560521, 1751424228.6289704, 1751424228.6985004, 1751424228.7646654, 1751424228.831997, 1751424228.901443, 1751424228.9687428, 1751424229.0361211, 1751424229.105251, 1751424229.1740112, 1751424229.2411473, 1751424229.3082647, 1751424229.3778281, 1751424229.447889, 1751424229.5171106, 1751424229.5844927, 1751424229.653648, 1751424229.723907, 1751424229.7930834, 1751424229.8630683, 1751424229.9334507, 1751424230.0042508, 1751424230.076407, 1751424230.1477778, 1751424230.2137282, 1751424230.2821968, 1751424230.35092, 1751424230.4206324, 1751424230.4877515, 1751424230.5598693, 1751424230.6311908]"
737,390,347,"[1751424230.9764464, 1751424231.1310372, 1751424231.13154, 1751424231.1940622, 1751424231.2565506, 1751424231.32056, 1751424231.3883865, 1751424231.4528832, 1751424231.5200248, 1751424231.5842998, 1751424231.6509047, 1751424231.714032, 1751424231.7756274, 1751424231.8359125, 1751424231.8976798, 1751424231.9639814, 1751424232.0269961, 1751424232.091654, 1751424232.1572874, 1751424232.2204354, 1751424232.28465, 1751424232.3493626, 1751424232.4138486, 1751424232.4804423, 1751424232.5437696, 1751424232.608493, 1751424232.6737623, 1751424232.742876, 1751424232.8078938, 1751424232.8742468, 1751424232.9381685, 1751424233.0051725, 1751424233.0679774, 1751424233.1308477, 1751424233.19769, 1751424233.2617953, 1751424233.3292484, 1751424233.3927047, 1751424233.4602854, 1751424233.5234747, 1751424233.5910895, 1751424233.6548884, 1751424233.72235, 1751424233.7857056, 1751424233.8529682, 1751424233.916572, 1751424233.9853904, 1751424234.0489774, 1751424234.1169016, 1751424234.1818943, 1751424234.2495086, 1751424234.3129518, 1751424234.381378, 1751424234.444364, 1751424234.5125904, 1751424234.5765843, 1751424234.644036, 1751424234.7076612, 1751424234.776235, 1751424234.8458018, 1751424234.9096653, 1751424234.9760566, 1751424235.0412328, 1751424235.1091325, 1751424235.1737096, 1751424235.2409818, 1751424235.3055656, 1751424235.3730075, 1751424235.4420812, 1751424235.5061169, 1751424235.5748024, 1751424235.6417491, 1751424235.7077193, 1751424235.7774465, 1751424235.8482897, 1751424235.918168, 1751424235.991407, 1751424236.0626316, 1751424236.132461, 1751424236.2029378, 1751424236.2752678, 1751424236.3460875, 1751424236.4183142, 1751424236.4877791, 1751424236.558657, 1751424236.6310306, 1751424236.7039864, 1751424236.7743478, 1751424236.8426812, 1751424236.914727, 1751424236.984364, 1751424237.0531378, 1751424237.1248543, 1751424237.1948407, 1751424237.2654424, 1751424237.33556, 1751424237.4060752, 1751424237.476821, 1751424237.5478723, 1751424237.6185064, 1751424237.6896029, 1751424237.7599924, 1751424237.8315213, 1751424237.9036105, 1751424237.9756038, 1751424238.047805, 1751424238.1185067, 1751424238.1886408, 1751424238.2592678, 1751424238.3294075, 1751424238.4006426, 1751424238.4721124, 1751424238.5439987, 1751424238.6147237, 1751424238.6836376, 1751424238.7536628, 1751424238.8241513, 1751424238.894307, 1751424238.964898, 1751424239.0346103, 1751424239.1067054, 1751424239.1790543, 1751424239.2504625, 1751424239.321071, 1751424239.3926182, 1751424239.4619935, 1751424239.5329719, 1751424239.6041818, 1751424239.6791224, 1751424239.7482536, 1751424239.8175669, 1751424239.8872352, 1751424239.9571304, 1751424240.0286906, 1751424240.104209, 1751424240.1729994, 1751424240.2426493, 1751424240.3124247, 1751424240.3833253, 1751424240.4546113, 1751424240.524853, 1751424240.5948358, 1751424240.6662538, 1751424240.7368267, 1751424240.807843, 1751424240.8786395, 1751424240.9492557, 1751424241.0202703, 1751424241.0917983, 1751424241.1619933, 1751424241.2330122, 1751424241.3522735, 1751424241.4253893, 1751424241.4977782, 1751424241.567888, 1751424241.6385467, 1751424241.708462, 1751424241.7785087, 1751424241.8499475, 1751424241.9207325, 1751424241.9935627, 1751424242.0699499, 1751424242.1441097, 1751424242.2190588, 1751424242.2953372, 1751424242.3682735, 1751424242.4397762, 1751424242.5163224, 1751424242.5900776, 1751424242.6612072, 1751424242.7337785, 1751424242.8098679, 1751424242.8857024, 1751424242.9593084, 1751424243.0325127, 1751424243.1071677, 1751424243.184978, 1751424243.2616355, 1751424243.33409, 1751424243.408141, 1751424243.4851084, 1751424243.556441, 1751424243.6281211, 1751424243.6990728, 1751424243.77009, 1751424243.8418782, 1751424243.9179108, 1751424243.9905188, 1751424244.064352, 1751424244.1349714, 1751424244.2114756, 1751424244.284484, 1751424244.3580613, 1751424244.434556, 1751424244.5090842]"
439,198,241,"[1751424244.801546, 1751424244.9132226, 1751424244.9137213, 1751424244.9796057, 1751424245.0424697, 1751424245.1041036, 1751424245.1645906, 1751424245.2253406, 1751424245.2873602, 1751424245.3554568, 1751424245.4183316, 1751424245.4835443, 1751424245.5481844, 1751424245.6117542, 1751424245.6781783, 1751424245.7405043, 1751424245.8016198, 1751424245.8625035, 1751424245.9236872, 1751424245.989409, 1751424246.0524993, 1751424246.1161325, 1751424246.1799023, 1751424246.2449827, 1751424246.3077354, 1751424246.3727803, 1751424246.437655, 1751424246.5063627, 1751424246.571029, 1751424246.638778, 1751424246.7018545, 1751424246.7668548, 1751424246.8322365, 1751424246.8951962, 1751424246.963034, 1751424247.0263135, 1751424247.0889392, 1751424247.155303, 1751424247.2189481, 1751424247.2875037, 1751424247.3530235, 1751424247.4214087, 1751424247.4922125, 1751424247.5604374, 1751424247.62521, 1751424247.6948023, 1751424247.763648, 1751424247.8347702, 1751424247.905212, 1751424247.9756782, 1751424248.0456953, 1751424248.110178, 1751424248.1783893, 1751424248.2488215, 1751424248.3138752, 1751424248.3802226, 1751424248.445121, 1751424248.5122273, 1751424248.580734, 1751424248.6453922, 1751424248.713706, 1751424248.7780004, 1751424248.846136, 1751424248.9114132, 1751424248.9788277, 1751424249.0483992, 1751424249.1161165, 1751424249.1818655, 1751424249.251249, 1751424249.320672, 1751424249.385399, 1751424249.4530568, 1751424249.519715, 1751424249.5860767, 1751424249.6550326, 1751424249.7257483, 1751424249.7931335, 1751424249.859131, 1751424249.9282215, 1751424249.9977722, 1751424250.063013, 1751424250.1309278, 1751424250.1994638, 1751424250.2653527, 1751424250.3340054, 1751424250.4041543, 1751424250.4748147, 1751424250.5457277, 1751424250.6157448, 1751424250.6818686, 1751424250.7498302, 1751424250.8202074, 1751424250.8907173, 1751424250.9605732, 1751424251.0314538, 1751424251.1018362, 1751424251.170471, 1751424251.2366924, 1751424251.3058589]"
359,56,303,"[1751424251.6562395, 1751424251.8133495, 1751424251.813969, 1751424251.8779953, 1751424251.9429305, 1751424252.0044382, 1751424252.0658462, 1751424252.1268973, 1751424252.188909, 1751424252.2544508, 1751424252.3178558, 1751424252.3831398, 1751424252.448425, 1751424252.511485, 1751424252.5777624, 1751424252.6399343, 1751424252.703896, 1751424252.7700071, 1751424252.8359134, 1751424252.9035006, 1751424252.9714751, 1751424253.0386045, 1751424253.1060839, 1751424253.1695015, 1751424253.2364335, 1751424253.2991047, 1751424253.3611672, 1751424253.4278388]"
709,146,563,"[1751424253.7071846, 1751424253.9154801, 1751424253.9160945, 1751424253.9845808, 1751424254.0464153, 1751424254.1090174, 1751424254.176974, 1751424254.2399614, 1751424254.3017516, 1751424254.364254, 1751424254.429188, 1751424254.4959755, 1751424254.563382, 1751424254.6294465, 1751424254.6937017, 1751424254.75735, 1751424254.8232052, 1751424254.8869243, 1751424254.9553537, 1751424255.0182302, 1751424255.079508, 1751424255.1461902, 1751424255.2099695, 1751424255.2760806, 1751424255.3408275, 1751424255.4042068, 1751424255.4708123, 1751424255.5337574, 1751424255.5979033, 1751424255.6629388, 1751424255.7252991, 1751424255.7878118, 1751424255.8545535, 1751424255.9179015, 1751424255.98572, 1751424256.048538, 1751424256.1141927, 1751424256.1786282, 1751424256.2476482, 1751424256.3116283, 1751424256.379268, 1751424256.4425168, 1751424256.5115166, 1751424256.574566, 1751424256.6403215, 1751424256.706169, 1751424256.7757812, 1751424256.8391519, 1751424256.9072099, 1751424256.969992, 1751424257.0382633, 1751424257.1032975, 1751424257.1702487, 1751424257.2347593, 1751424257.3018992, 1751424257.3677547, 1751424257.4338636, 1751424257.5028014, 1751424257.566807, 1751424257.6342359, 1751424257.69875, 1751424257.7662902, 1751424257.831894, 1751424257.8983197, 1751424257.968875, 1751424258.0392962, 1751424258.1078389, 1751424258.1741881, 1751424258.2444358, 1751424258.3153844, 1751424258.3847783, 1751424258.456057, 1751424258.5251174]"
961,194,767,"[1751424258.80259, 1751424259.097502, 1751424259.0980403, 1751424259.1626468, 1751424259.2252135, 1751424259.2872481, 1751424259.3526757, 1751424259.4156506, 1751424259.479183, 1751424259.541636, 1751424259.6069236, 1751424259.6693938, 1751424259.7302134, 1751424259.791222, 1751424259.8529751, 1751424259.9138126, 1751424259.9809453, 1751424260.044479, 1751424260.1065724, 1751424260.1728714, 1751424260.2360854, 1751424260.2998388, 1751424260.36581, 1751424260.4286208, 1751424260.4933538, 1751424260.5580156, 1751424260.6251073, 1751424260.6891153, 1751424260.7563872, 1751424260.820338, 1751424260.883812, 1751424260.9505754, 1751424261.0148013, 1751424261.0829635, 1751424261.1468554, 1751424261.2173767, 1751424261.2880018, 1751424261.355938, 1751424261.4200196, 1751424261.4814265, 1751424261.5482304, 1751424261.6111112, 1751424261.6792958, 1751424261.743072, 1751424261.8106942, 1751424261.874748, 1751424261.9422843, 1751424262.0064342, 1751424262.0750372, 1751424262.1896772, 1751424262.259036, 1751424262.3280885, 1751424262.394127, 1751424262.4595573, 1751424262.5239773, 1751424262.5900564, 1751424262.6540635, 1751424262.72093, 1751424262.7879384, 1751424262.8561103, 1751424262.9251087, 1751424262.995406, 1751424263.0657332, 1751424263.129565, 1751424263.197695, 1751424263.2664177, 1751424263.3320928, 1751424263.4014533, 1751424263.4721053, 1751424263.5417244, 1751424263.6086416, 1751424263.6764615, 1751424263.7459006, 1751424263.8173053, 1751424263.887454, 1751424263.9570024, 1751424264.0278845, 1751424264.0984814, 1751424264.1689155, 1751424264.2336807, 1751424264.303852, 1751424264.3754294, 1751424264.4448032, 1751424264.5149488, 1751424264.5854447, 1751424264.6562443, 1751424264.7240539, 1751424264.791046, 1751424264.8604846, 1751424264.9300747, 1751424265.0004141, 1751424265.0704706, 1751424265.141452, 1751424265.2117388, 1751424265.2825434, 1751424265.3531718, 1751424265.4241672]"
587,194,393,"[1751424265.7118855, 1751424265.9002237, 1751424265.9008632, 1751424265.9712958, 1751424266.0384052, 1751424266.1028898, 1751424266.1671016, 1751424266.2344286, 1751424266.2984626, 1751424266.3655918, 1751424266.4302425, 1751424266.497562, 1751424266.5626729, 1751424266.6318662, 1751424266.6996922, 1751424266.7626224, 1751424266.8231802, 1751424266.8866513, 1751424266.9520898, 1751424267.0149708, 1751424267.0773873, 1751424267.1448643, 1751424267.207782, 1751424267.2713299, 1751424267.3369012, 1751424267.3996468, 1751424267.4633336, 1751424267.5293984, 1751424267.591702, 1751424267.6542225, 1751424267.7212384, 1751424267.7842572, 1751424267.8485796, 1751424267.916348, 1751424267.9858162, 1751424268.055177, 1751424268.1211956, 1751424268.188094, 1751424268.2586415, 1751424268.3286567, 1751424268.3935478, 1751424268.4633892, 1751424268.533038, 1751424268.602116, 1751424268.6660793, 1751424268.7335827, 1751424268.8025901, 1751424268.8691204, 1751424268.9360833, 1751424269.0042274, 1751424269.0701358, 1751424269.1379905, 1751424269.202822, 1751424269.2709215, 1751424269.3402808, 1751424269.4050453, 1751424269.4712882, 1751424269.534762, 1751424269.6029847, 1751424269.66651, 1751424269.7348719, 1751424269.798583, 1751424269.866706, 1751424269.9312768, 1751424269.9987333, 1751424270.0693662, 1751424270.1359093, 1751424270.2031114, 1751424270.2736356, 1751424270.343903, 1751424270.4121604, 1751424270.4779513, 1751424270.5454512, 1751424270.6126919, 1751424270.6792808, 1751424270.7484257, 1751424270.8167975, 1751424270.8821778, 1751424270.951448, 1751424271.0220537, 1751424271.0891912, 1751424271.156657, 1751424271.2256892, 1751424271.2965686, 1751424271.3668628, 1751424271.4381962, 1751424271.5082924, 1751424271.5788178, 1751424271.645258, 1751424271.7128806, 1751424271.7823777, 1751424271.853561, 1751424271.9242609, 1751424271.9947755, 1751424272.066126, 1751424272.13795, 1751424272.2080722]"
495,162,333,"[1751424272.4981399, 1751424272.6545374, 1751424272.6551645, 1751424272.7192369, 1751424272.7873728, 1751424272.8539507, 1751424272.9188972, 1751424272.9874198, 1751424273.0496454, 1751424273.1126058, 1751424273.1760924, 1751424273.240453, 1751424273.3029952, 1751424273.3643715, 1751424273.4259975, 1751424273.4921362, 1751424273.5581732, 1751424273.6240475, 1751424273.686615, 1751424273.749023, 1751424273.8129652, 1751424273.8777158, 1751424273.9407654, 1751424274.0027359, 1751424274.0697498, 1751424274.132929, 1751424274.1956644, 1751424274.2634056, 1751424274.32599, 1751424274.3941274, 1751424274.4589703, 1751424274.5271769, 1751424274.5963445, 1751424274.6612873, 1751424274.728623, 1751424274.7916229, 1751424274.854048, 1751424274.9209824, 1751424274.984346, 1751424275.0488796, 1751424275.1143613, 1751424275.1771371, 1751424275.241661, 1751424275.3069496, 1751424275.3759596, 1751424275.4386666, 1751424275.502484, 1751424275.5688963, 1751424275.6347759, 1751424275.7046227, 1751424275.7737224, 1751424275.8429842, 1751424275.9128394, 1751424275.975876, 1751424276.0441246, 1751424276.1080468, 1751424276.176465, 1751424276.245597, 1751424276.3087828, 1751424276.377591, 1751424276.447643, 1751424276.5150654, 1751424276.580425, 1751424276.648846, 1751424276.714845, 1751424276.7824867, 1751424276.8510673, 1751424276.9159741, 1751424276.9850438, 1751424277.0546331, 1751424277.1255703, 1751424277.195325, 1751424277.266454, 1751424277.337218, 1751424277.407066, 1751424277.4755387, 1751424277.5423634, 1751424277.6111517, 1751424277.6806643, 1751424277.7506912, 1751424277.8184333]"
507,198,309,"[1751424278.095667, 1751424278.2516267, 1751424278.2521331, 1751424278.31759, 1751424278.3804295, 1751424278.4414113, 1751424278.5019336, 1751424278.563578, 1751424278.6285164, 1751424278.6938252, 1751424278.7599099, 1751424278.82428, 1751424278.8871672, 1751424278.9534764, 1751424279.019273, 1751424279.0885623, 1751424279.154915, 1751424279.2217302, 1751424279.2901895, 1751424279.3529117, 1751424279.4155614, 1751424279.482704, 1751424279.5466316, 1751424279.6150255, 1751424279.6779711, 1751424279.7459006, 1751424279.8099775, 1751424279.8783984, 1751424279.9477077, 1751424280.0141816, 1751424280.0802674, 1751424280.1476648, 1751424280.2120554, 1751424280.275203, 1751424280.341759, 1751424280.4054532, 1751424280.4735992, 1751424280.537511, 1751424280.5994952, 1751424280.6659527, 1751424280.7294462, 1751424280.7972772, 1751424280.8614988, 1751424280.9292328, 1751424280.9932418, 1751424281.0609663, 1751424281.1248512, 1751424281.1922426, 1751424281.2556398, 1751424281.3235056, 1751424281.3878758, 1751424281.4555128, 1751424281.5196295, 1751424281.58721, 1751424281.6512673, 1751424281.719536, 1751424281.7828193, 1751424281.8506424, 1751424281.914664, 1751424281.9829557, 1751424282.047058, 1751424282.115415, 1751424282.1840582, 1751424282.2490542, 1751424282.3176043, 1751424282.3836598, 1751424282.450663, 1751424282.5201564, 1751424282.5876987, 1751424282.654894, 1751424282.7231388, 1751424282.794947, 1751424282.865774, 1751424282.9318254, 1751424283.0006459, 1751424283.0691237, 1751424283.1388965, 1751424283.2094965, 1751424283.27985, 1751424283.350207, 1751424283.4198463, 1751424283.4844024, 1751424283.5529647, 1751424283.6232336, 1751424283.693265, 1751424283.7629693, 1751424283.8278959, 1751424283.8963258, 1751424283.9661973, 1751424284.0313377, 1751424284.0993898, 1751424284.1691613, 1751424284.2403367, 1751424284.3099914, 1751424284.3802633, 1751424284.4508233, 1751424284.5218313, 1751424284.5889492, 1751424284.657217]"
645,64,581,"[1751424284.942137, 1751424285.170563, 1751424285.1711862, 1751424285.238342, 1751424285.3031154, 1751424285.370485, 1751424285.433713, 1751424285.495953, 1751424285.558007, 1751424285.623789, 1751424285.6868396, 1751424285.7484856, 1751424285.8093295, 1751424285.8701286, 1751424285.9309852, 1751424285.9919748, 1751424286.0528798, 1751424286.1135988, 1751424286.1745598, 1751424286.2371833, 1751424286.303366, 1751424286.3688731, 1751424286.4363105, 1751424286.5032144, 1751424286.5680196, 1751424286.6309981, 1751424286.697148, 1751424286.7625723, 1751424286.832073, 1751424286.9031675, 1751424286.9715812, 1751424287.0385096]"
491,112,379,"[1751424287.3414593, 1751424287.5008283, 1751424287.5014834, 1751424287.5693607, 1751424287.6358902, 1751424287.7042086, 1751424287.7721648, 1751424287.8383036, 1751424287.9036577, 1751424287.9688532, 1751424288.0360487, 1751424288.099861, 1751424288.16681, 1751424288.2301414, 1751424288.297242, 1751424288.3616002, 1751424288.43005, 1751424288.4936829, 1751424288.560937, 1751424288.6243794, 1751424288.6887877, 1751424288.7528427, 1751424288.8187833, 1751424288.8857262, 1751424288.9549448, 1751424289.0190852, 1751424289.0868134, 1751424289.15318, 1751424289.2198682, 1751424289.2837934, 1751424289.3518574, 1751424289.4214318, 1751424289.4906397, 1751424289.5557063, 1751424289.6240182, 1751424289.6930618, 1751424289.7574487, 1751424289.8242843, 1751424289.8883364, 1751424289.9555523, 1751424290.0194092, 1751424290.0874104, 1751424290.1574543, 1751424290.2219071, 1751424290.2903852, 1751424290.3619273, 1751424290.4333081, 1751424290.5041006, 1751424290.5746522, 1751424290.6453907, 1751424290.7154124, 1751424290.785126, 1751424290.8549538, 1751424290.9257789, 1751424290.9964578, 1751424291.0667179]"
733,240,493,"[1751424291.351341, 1751424291.5334332, 1751424291.5339584, 1751424291.6021066, 1751424291.670706, 1751424291.736914, 1751424291.8053663, 1751424291.8707814, 1751424291.9348416, 1751424292.0001621, 1751424292.065882, 1751424292.130069, 1751424292.1972125, 1751424292.2596679, 1751424292.3214905, 1751424292.3869312, 1751424292.4533863, 1751424292.5198634, 1751424292.5833988, 1751424292.6510353, 1751424292.7151077, 1751424292.7837052, 1751424292.8521695, 1751424292.918199, 1751424292.9867742, 1751424293.056017, 1751424293.121144, 1751424293.1879835, 1751424293.2587464, 1751424293.32625, 1751424293.3925776, 1751424293.4614954, 1751424293.531146, 1751424293.5957365, 1751424293.663481, 1751424293.7325883, 1751424293.7992802, 1751424293.8679314, 1751424293.9374516, 1751424294.007382, 1751424294.0781822, 1751424294.1481566, 1751424294.212636, 1751424294.2808673, 1751424294.350937, 1751424294.4218903, 1751424294.4923334, 1751424294.5625658, 1751424294.6321719, 1751424294.6959984, 1751424294.764014, 1751424294.8308172, 1751424294.900108, 1751424294.9681637, 1751424295.0385058, 1751424295.1087885, 1751424295.1791246, 1751424295.2496932, 1751424295.3198206, 1751424295.390419, 1751424295.461188, 1751424295.5323074, 1751424295.6027646, 1751424295.6745803, 1751424295.74621, 1751424295.8168848, 1751424295.8876657, 1751424295.9602468, 1751424296.0333662, 1751424296.1006863, 1751424296.1698337, 1751424296.2405944, 1751424296.3115761, 1751424296.382669, 1751424296.452937, 1751424296.5239213, 1751424296.5958974, 1751424296.6657507, 1751424296.7362373, 1751424296.805353, 1751424296.8753016, 1751424296.945122, 1751424297.014996, 1751424297.083495, 1751424297.1497767, 1751424297.217889, 1751424297.2877362, 1751424297.357981, 1751424297.4285798, 1751424297.4972534, 1751424297.5630374, 1751424297.631336, 1751424297.7012708, 1751424297.7711098, 1751424297.8418634, 1751424297.909906, 1751424297.9774299, 1751424298.0466406, 1751424298.118658, 1751424298.1891866, 1751424298.25844, 1751424298.3299193, 1751424298.4017026, 1751424298.472076, 1751424298.5415561, 1751424298.612596, 1751424298.68179, 1751424298.7518647, 1751424298.8226292, 1751424298.8942606, 1751424298.9639006, 1751424299.0318398, 1751424299.1063466, 1751424299.1760085, 1751424299.2470472, 1751424299.3180692, 1751424299.389853, 1751424299.4593022, 1751424299.5298235, 1751424299.6001205]"
561,330,231,"[1751424299.8851423, 1751424299.9966176, 1751424299.9971108, 1751424300.0645375, 1751424300.1290112, 1751424300.2366738, 1751424300.3044248, 1751424300.369097, 1751424300.4378896, 1751424300.5084426, 1751424300.5786529, 1751424300.6457198, 1751424300.7129498, 1751424300.7813532, 1751424300.851411, 1751424300.921681, 1751424300.9929235, 1751424301.0633636, 1751424301.133906, 1751424301.203881, 1751424301.2757838, 1751424301.3477974, 1751424301.4180071, 1751424301.4882503, 1751424301.5584335, 1751424301.6286263, 1751424301.6997383, 1751424301.7699468, 1751424301.8410134, 1751424301.9114077, 1751424301.982539, 1751424302.0524383, 1751424302.1236167, 1751424302.1938934, 1751424302.2648342, 1751424302.3350687, 1751424302.4023015, 1751424302.4692466, 1751424302.5375078, 1751424302.6073096, 1751424302.6784604, 1751424302.749729, 1751424302.81983, 1751424302.8903227, 1751424302.9610965, 1751424303.0322652, 1751424303.1023195, 1751424303.1749322, 1751424303.2444518, 1751424303.3143742, 1751424303.3848138, 1751424303.4543877, 1751424303.525047, 1751424303.5947948, 1751424303.6661177, 1751424303.7367408, 1751424303.8082747, 1751424303.8798342, 1751424303.951829, 1751424304.021579, 1751424304.0914068, 1751424304.161831, 1751424304.2328458, 1751424304.3033314, 1751424304.3743038, 1751424304.442164, 1751424304.5140226, 1751424304.5852532, 1751424304.660704, 1751424304.729085, 1751424304.7980678, 1751424304.8694968, 1751424304.9400816, 1751424305.0113735, 1751424305.0820127, 1751424305.1513965, 1751424305.222112, 1751424305.292779, 1751424305.3632061, 1751424305.4342973, 1751424305.5052292, 1751424305.5769691, 1751424305.6475358, 1751424305.7175717, 1751424305.7888372, 1751424305.8588145, 1751424305.929609, 1751424305.9996912, 1751424306.0708053, 1751424306.1421824, 1751424306.2137644, 1751424306.283491, 1751424306.3544207, 1751424306.4258394, 1751424306.4976892, 1751424306.5685732, 1751424306.6399171, 1751424306.7104816, 1751424306.7815804, 1751424306.8511455, 1751424306.9224799, 1751424306.993146, 1751424307.0645025, 1751424307.1356575, 1751424307.205885, 1751424307.2770152, 1751424307.3481772, 1751424307.4188325, 1751424307.4900403, 1751424307.559572, 1751424307.6311538, 1751424307.702128, 1751424307.7717345, 1751424307.8415902, 1751424307.911515, 1751424307.9840043, 1751424308.0567596, 1751424308.1275053, 1751424308.1982687, 1751424308.2692566, 1751424308.340517, 1751424308.4125535, 1751424308.487922, 1751424308.5618365, 1751424308.635222, 1751424308.7105505, 1751424308.7854233, 1751424308.860997, 1751424308.9360752, 1751424309.0117483, 1751424309.0881453, 1751424309.164015, 1751424309.2389245, 1751424309.3097794, 1751424309.379573, 1751424309.4500098, 1751424309.5229695, 1751424309.59408, 1751424309.6645162, 1751424309.7348762, 1751424309.8067534, 1751424309.877228, 1751424309.9480007, 1751424310.017568, 1751424310.087379, 1751424310.1570256, 1751424310.2274485, 1751424310.2984087, 1751424310.3730664, 1751424310.4459987, 1751424310.5192394, 1751424310.5912516, 1751424310.6625495, 1751424310.735442, 1751424310.8058705, 1751424310.8761458, 1751424310.9485848, 1751424311.0244641, 1751424311.0997736, 1751424311.174393, 1751424311.249674, 1751424311.3286943, 1751424311.40334, 1751424311.477304, 1751424311.5532777]"
465,100,365,"[1751424311.8835607, 1751424312.0408401, 1751424312.04141, 1751424312.1092772, 1751424312.1780667, 1751424312.2432976, 1751424312.3114314, 1751424312.379833, 1751424312.4461963, 1751424312.5148067, 1751424312.5798123, 1751424312.6474562, 1751424312.7126074, 1751424312.7781677, 1751424312.8483608, 1751424312.9171898, 1751424312.9816089, 1751424313.0505667, 1751424313.11618, 1751424313.183269, 1751424313.2530441, 1751424313.3232057, 1751424313.392636, 1751424313.4581995, 1751424313.5257998, 1751424313.595684, 1751424313.6600375, 1751424313.727713, 1751424313.798667, 1751424313.8690345, 1751424313.934488, 1751424314.0059233, 1751424314.1050334, 1751424314.1741765, 1751424314.2445376, 1751424314.3088157, 1751424314.3764129, 1751424314.4470336, 1751424314.5126195, 1751424314.5799854, 1751424314.6498199, 1751424314.7202463, 1751424314.7904968, 1751424314.8569481, 1751424314.924323, 1751424314.9936666, 1751424315.0640447, 1751424315.1343641, 1751424315.2011158, 1751424315.2682447]"
373,72,301,"[1751424315.5608463, 1751424315.7180076, 1751424315.718648, 1751424315.7871108, 1751424315.8554168, 1751424315.9247496, 1751424315.989794, 1751424316.055198, 1751424316.1182792, 1751424316.180692, 1751424316.2439194, 1751424316.3097303, 1751424316.3748777, 1751424316.4400725, 1751424316.5050437, 1751424316.567943, 1751424316.6326308, 1751424316.700755, 1751424316.76364, 1751424316.8261995, 1751424316.8913288, 1751424316.9552767, 1751424317.0199485, 1751424317.0860813, 1751424317.1503003, 1751424317.217858, 1751424317.2813063, 1751424317.3498316, 1751424317.4190495, 1751424317.4834106, 1751424317.5520227, 1751424317.6148703, 1751424317.6788254, 1751424317.7452195, 1751424317.8116596, 1751424317.8773143]"
881,128,753,"[1751424318.1576045, 1751424318.413514, 1751424318.414125, 1751424318.4793124, 1751424318.5435896, 1751424318.6127157, 1751424318.6759245, 1751424318.73768, 1751424318.7985735, 1751424318.859304, 1751424318.9197, 1751424318.9807806, 1751424319.041152, 1751424319.1020212, 1751424319.1624455, 1751424319.2234192, 1751424319.286041, 1751424319.3515034, 1751424319.4157217, 1751424319.4825354, 1751424319.54584, 1751424319.6109242, 1751424319.6758347, 1751424319.7376199, 1751424319.7991388, 1751424319.8652813, 1751424319.9291785, 1751424319.9969199, 1751424320.0599873, 1751424320.125041, 1751424320.1905813, 1751424320.252384, 1751424320.3144212, 1751424320.3814366, 1751424320.4460356, 1751424320.51332, 1751424320.5767238, 1751424320.6449142, 1751424320.7095, 1751424320.7761884, 1751424320.8390832, 1751424320.9064975, 1751424320.9705358, 1751424321.0380511, 1751424321.1012042, 1751424321.1691902, 1751424321.2331476, 1751424321.3012464, 1751424321.3651896, 1751424321.4321978, 1751424321.4962184, 1751424321.5640318, 1751424321.6271265, 1751424321.6950932, 1751424321.7593272, 1751424321.8276353, 1751424321.8970287, 1751424321.9670534, 1751424322.0317547, 1751424322.099913, 1751424322.169744, 1751424322.2382474, 1751424322.3030443, 1751424322.371318]"
479,106,373,"[1751424322.6651888, 1751424322.8209019, 1751424322.8214078, 1751424322.8888624, 1751424322.9519494, 1751424323.0149632, 1751424323.0804696, 1751424323.1420434, 1751424323.2038875, 1751424323.2649274, 1751424323.3262098, 1751424323.3904738, 1751424323.4551702, 1751424323.5183876, 1751424323.579425, 1751424323.6477423, 1751424323.711488, 1751424323.777602, 1751424323.8401494, 1751424323.9028938, 1751424323.9692779, 1751424324.03196, 1751424324.0926182, 1751424324.1572545, 1751424324.223136, 1751424324.2920766, 1751424324.357129, 1751424324.4249268, 1751424324.4940698, 1751424324.5572553, 1751424324.6234677, 1751424324.6875155, 1751424324.7554991, 1751424324.8195167, 1751424324.8868947, 1751424324.950471, 1751424325.0179396, 1751424325.0819292, 1751424325.1461565, 1751424325.2115664, 1751424325.280726, 1751424325.342388, 1751424325.4064372, 1751424325.4737015, 1751424325.5374513, 1751424325.605031, 1751424325.6684124, 1751424325.737268, 1751424325.8081212, 1751424325.8762066, 1751424325.9422226, 1751424326.0124938, 1751424326.0817928]"
499,178,321,"[1751424326.3815982, 1751424326.5374472, 1751424326.5381, 1751424326.6067204, 1751424326.671597, 1751424326.7390683, 1751424326.807627, 1751424326.871788, 1751424326.9386985, 1751424327.0012746, 1751424327.062732, 1751424327.1285002, 1751424327.192391, 1751424327.2570858, 1751424327.323355, 1751424327.3878014, 1751424327.4538267, 1751424327.5170004, 1751424327.5790448, 1751424327.6456902, 1751424327.7088795, 1751424327.776978, 1751424327.8413224, 1751424327.91146, 1751424327.9822936, 1751424328.0508673, 1751424328.1167917, 1751424328.1838732, 1751424328.2525818, 1751424328.3182213, 1751424328.3849611, 1751424328.4550188, 1751424328.5196917, 1751424328.586566, 1751424328.6528413, 1751424328.7177906, 1751424328.7804744, 1751424328.8476944, 1751424328.911562, 1751424328.9796379, 1751424329.0422633, 1751424329.109409, 1751424329.1731482, 1751424329.241501, 1751424329.3056047, 1751424329.3728418, 1751424329.4373271, 1751424329.5044997, 1751424329.5687332, 1751424329.6355758, 1751424329.7005098, 1751424329.766954, 1751424329.8311574, 1751424329.897949, 1751424329.9639435, 1751424330.0324671, 1751424330.1010375, 1751424330.1709752, 1751424330.2374644, 1751424330.303733, 1751424330.372725, 1751424330.4417257, 1751424330.5072386, 1751424330.5758224, 1751424330.645997, 1751424330.7157319, 1751424330.7802057, 1751424330.848046, 1751424330.9128778, 1751424330.9799283, 1751424331.0509112, 1751424331.1679378, 1751424331.2351778, 1751424331.3047845, 1751424331.374896, 1751424331.444847, 1751424331.514055, 1751424331.579582, 1751424331.6479933, 1751424331.7185595, 1751424331.789876, 1751424331.861196, 1751424331.9305885, 1751424332.001049, 1751424332.0711892, 1751424332.1417813, 1751424332.2128005, 1751424332.2828295, 1751424332.3534255]"
1267,622,645,"[1751424332.6416929, 1751424332.9003484, 1751424332.9009793, 1751424332.9690475, 1751424333.0326238, 1751424333.0963197, 1751424333.1635096, 1751424333.228783, 1751424333.2916477, 1751424333.357339, 1751424333.4243743, 1751424333.4888215, 1751424333.5558345, 1751424333.6210005, 1751424333.6883993, 1751424333.7576807, 1751424333.8202484, 1751424333.8827574, 1751424333.9492009, 1751424334.012148, 1751424334.0739062, 1751424334.1415021, 1751424334.2042944, 1751424334.2685711, 1751424334.333914, 1751424334.3987665, 1751424334.4660954, 1751424334.5293396, 1751424334.597545, 1751424334.662678, 1751424334.7295897, 1751424334.7995603, 1751424334.8631308, 1751424334.9301968, 1751424334.9939878, 1751424335.0614898, 1751424335.1252565, 1751424335.1927948, 1751424335.256309, 1751424335.3242981, 1751424335.388579, 1751424335.4569082, 1751424335.526421, 1751424335.5906012, 1751424335.6579196, 1751424335.721855, 1751424335.7864277, 1751424335.8516285, 1751424335.9201171, 1751424335.9843395, 1751424336.0521476, 1751424336.117413, 1751424336.1810677, 1751424336.2463229, 1751424336.31083, 1751424336.3766625, 1751424336.4465108, 1751424336.5164037, 1751424336.5816665, 1751424336.6489308, 1751424336.7193036, 1751424336.7889955, 1751424336.8530657, 1751424336.92103, 1751424336.9910407, 1751424337.062013, 1751424337.1325507, 1751424337.2024357, 1751424337.2721858, 1751424337.3385499, 1751424337.406495, 1751424337.4768572, 1751424337.5481606, 1751424337.6184173, 1751424337.689243, 1751424337.7593596, 1751424337.8319662, 1751424337.899548, 1751424337.9664853, 1751424338.0341167, 1751424338.103518, 1751424338.173847, 1751424338.2448833, 1751424338.3152893, 1751424338.3871343, 1751424338.4572034, 1751424338.5272195, 1751424338.5976613, 1751424338.6682405, 1751424338.7388089, 1751424338.809191, 1751424338.880912, 1751424338.9522486, 1751424339.024351, 1751424339.0932853, 1751424339.1635988, 1751424339.2345197, 1751424339.3051655, 1751424339.375769, 1751424339.4457612, 1751424339.516624, 1751424339.5880792, 1751424339.6603131, 1751424339.7301602, 1751424339.8008876, 1751424339.8720667, 1751424339.9427967, 1751424340.0168002, 1751424340.0868227, 1751424340.155912, 1751424340.2251773, 1751424340.2957497, 1751424340.3659894, 1751424340.4366508, 1751424340.5079646, 1751424340.5786836, 1751424340.6502566, 1751424340.7208328, 1751424340.7908664, 1751424340.8621724, 1751424340.9327958, 1751424341.0034692, 1751424341.074883, 1751424341.145481, 1751424341.2158012, 1751424341.2861404, 1751424341.3565118, 1751424341.4277465, 1751424341.4992216, 1751424341.5694494, 1751424341.639947, 1751424341.7110791, 1751424341.7816403, 1751424341.8526478, 1751424341.9196093, 1751424341.9920022, 1751424342.0637927, 1751424342.135302, 1751424342.2067087, 1751424342.2765212, 1751424342.3479707, 1751424342.4186068, 1751424342.4886818, 1751424342.5596557, 1751424342.630618, 1751424342.7033165, 1751424342.7748384, 1751424342.846097, 1751424342.9198003, 1751424342.9931886, 1751424343.0658438, 1751424343.1355996, 1751424343.2063773, 1751424343.2769318, 1751424343.3475766, 1751424343.418145, 1751424343.4891505, 1751424343.5604994, 1751424343.6304622, 1751424343.7017756, 1751424343.7716615, 1751424343.843138, 1751424343.91325, 1751424343.9838152, 1751424344.055701, 1751424344.1335597, 1751424344.2080784, 1751424344.2839475, 1751424344.3567052, 1751424344.431166, 1751424344.5058088, 1751424344.5795712, 1751424344.6537929, 1751424344.7316542, 1751424344.8087766, 1751424344.8812861, 1751424344.953267, 1751424345.026894, 1751424345.1029239, 1751424345.182522, 1751424345.2563813, 1751424345.3320715, 1751424345.405654, 1751424345.4780324, 1751424345.5502012, 1751424345.626767, 1751424345.6998627, 1751424345.772974, 1751424345.8491845, 1751424345.9224658, 1751424345.9963665, 1751424346.072713, 1751424346.1460648, 1751424346.2199688, 1751424346.2962146, 1751424346.3689663, 1751424346.446312, 1751424346.5210314, 1751424346.5997694, 1751424346.6739173, 1751424346.7505465, 1751424346.8246517, 1751424346.903326, 1751424346.9769924, 1751424347.0552719, 1751424347.1302667, 1751424347.2078705, 1751424347.281125, 1751424347.358893, 1751424347.4330056, 1751424347.5110955, 1751424347.5847278, 1751424347.663027, 1751424347.7371132, 1751424347.817324, 1751424347.8966105, 1751424347.9734266, 1751424348.0507898, 1751424348.1281881, 1751424348.2030277, 1751424348.2811632, 1751424348.3612173, 1751424348.4392247, 1751424348.5150115, 1751424348.5931935, 1751424348.673147, 1751424348.7489974, 1751424348.8259296, 1751424348.9051244, 1751424348.9798744, 1751424349.0586708, 1751424349.137898, 1751424349.213895, 1751424349.292295, 1751424349.372278, 1751424349.4510617, 1751424349.546692, 1751424349.6291971, 1751424349.7101965, 1751424349.7920923, 1751424349.8712196, 1751424349.9504569, 1751424350.03094, 1751424350.1115324, 1751424350.1924012, 1751424350.2734766, 1751424350.3543508, 1751424350.4352696, 1751424350.5164967, 1751424350.5972168, 1751424350.6781783, 1751424350.7591956, 1751424350.8403902, 1751424350.9213755, 1751424351.0026736, 1751424351.0836964, 1751424351.1648521, 1751424351.2459216, 1751424351.3270905, 1751424351.4082854, 1751424351.4899993, 1751424351.5706477, 1751424351.6468291, 1751424351.7247877, 1751424351.8047462, 1751424351.8857458, 1751424351.966503, 1751424352.0474744, 1751424352.12991, 1751424352.208905, 1751424352.2894008, 1751424352.3715868, 1751424352.4526014, 1751424352.5335696, 1751424352.6141067, 1751424352.6951115, 1751424352.7782524, 1751424352.8592303, 1751424352.9384735, 1751424353.0189126, 1751424353.0997171, 1751424353.1806223, 1751424353.3075402, 1751424353.3920562, 1751424353.4745176, 1751424353.5560222, 1751424353.636689, 1751424353.7174327, 1751424353.7981653, 1751424353.8812683, 1751424353.968208, 1751424354.0516348, 1751424354.1323514, 1751424354.2264416, 1751424354.3107138, 1751424354.3924968, 1751424354.4748306, 1751424354.5554476, 1751424354.6376271, 1751424354.718114, 1751424354.799354, 1751424354.8817492, 1751424354.9684987, 1751424355.0535207, 1751424355.1414025, 1751424355.2269535, 1751424355.3111863, 1751424355.3939114, 1751424355.476269, 1751424355.558968, 1751424355.6443412]"
391,164,227,"[1751424355.9756095, 1751424356.0906014, 1751424356.0912235, 1751424356.1587377, 1751424356.2239778, 1751424356.2921097, 1751424356.3563144, 1751424356.4232538, 1751424356.4876273, 1751424356.5542061, 1751424356.6204355, 1751424356.6869884, 1751424356.7541907, 1751424356.817712, 1751424356.880467, 1751424356.9482388, 1751424357.01093, 1751424357.0716462, 1751424357.138015, 1751424357.2013516, 1751424357.2645886, 1751424357.33054, 1751424357.3933716, 1751424357.456348, 1751424357.5221639, 1751424357.5851338, 1751424357.6529636, 1751424357.7164898, 1751424357.7830858, 1751424357.846139, 1751424357.9129074, 1751424357.978814, 1751424358.047222, 1751424358.1127114, 1751424358.1790066, 1751424358.2483315, 1751424358.31286, 1751424358.37989, 1751424358.450034, 1751424358.5142515, 1751424358.5815296, 1751424358.6440837, 1751424358.7099488, 1751424358.775288, 1751424358.8441432, 1751424358.907302, 1751424358.9750173, 1751424359.037958, 1751424359.1062994, 1751424359.1687245, 1751424359.2375736, 1751424359.3009403, 1751424359.368701, 1751424359.4318624, 1751424359.4998353, 1751424359.5632195, 1751424359.6317244, 1751424359.6949134, 1751424359.787133, 1751424359.8752563, 1751424359.9452953, 1751424360.0103185, 1751424360.0787077, 1751424360.1441028, 1751424360.2133143, 1751424360.2835872, 1751424360.3533847, 1751424360.4239333, 1751424360.4955456, 1751424360.5651166, 1751424360.634275, 1751424360.7044964, 1751424360.7749107, 1751424360.841724, 1751424360.909912, 1751424360.977885, 1751424361.0481567, 1751424361.118097, 1751424361.1888583, 1751424361.2597494, 1751424361.330029, 1751424361.396009]"
285,140,145,"[1751424361.6821892, 1751424361.7904031, 1751424361.7909126, 1751424361.8589888, 1751424361.920412, 1751424361.9832206, 1751424362.0492623, 1751424362.1127942, 1751424362.1751893, 1751424362.2409153, 1751424362.3037887, 1751424362.3658519, 1751424362.4273674, 1751424362.4936957, 1751424362.5562263, 1751424362.6176329, 1751424362.6797636, 1751424362.7485695, 1751424362.8166137, 1751424362.8818152, 1751424362.946411, 1751424363.0093753, 1751424363.074025, 1751424363.1445749, 1751424363.2147512, 1751424363.28393, 1751424363.347046, 1751424363.4120448, 1751424363.477127, 1751424363.5396981, 1751424363.6076143, 1751424363.6710603, 1751424363.737984, 1751424363.8021004, 1751424363.872112, 1751424363.9419563, 1751424364.0073557, 1751424364.0743306, 1751424364.1388912, 1751424364.2058613, 1751424364.27488, 1751424364.338781, 1751424364.4072363, 1751424364.4713588, 1751424364.538335, 1751424364.602321, 1751424364.670775, 1751424364.7354858, 1751424364.8025613, 1751424364.8678527, 1751424364.934735, 1751424365.0041974, 1751424365.0683086, 1751424365.1373322, 1751424365.20797, 1751424365.2778156, 1751424365.3417017, 1751424365.4098425, 1751424365.4746938, 1751424365.5422995, 1751424365.6070185, 1751424365.6770551, 1751424365.7475107, 1751424365.8180022, 1751424365.888343, 1751424365.958148, 1751424366.0283303, 1751424366.098586, 1751424366.1643775, 1751424366.2315145]"
447,76,371,"[1751424366.5219786, 1751424366.6789732, 1751424366.6795573, 1751424366.7470858, 1751424366.8096993, 1751424366.8718703, 1751424366.9389904, 1751424367.0024118, 1751424367.0639687, 1751424367.125466, 1751424367.191696, 1751424367.254451, 1751424367.3193507, 1751424367.385723, 1751424367.4495137, 1751424367.5170364, 1751424367.5813112, 1751424367.6456482, 1751424367.710901, 1751424367.7792137, 1751424367.842779, 1751424367.9073427, 1751424367.9740734, 1751424368.0438914, 1751424368.1126282, 1751424368.1768646, 1751424368.2449925, 1751424368.3078034, 1751424368.3716478, 1751424368.4369748, 1751424368.4997926, 1751424368.5651023, 1751424368.6303449, 1751424368.6984267, 1751424368.7631946, 1751424368.8307512, 1751424368.893822, 1751424368.9613464]"
257,86,171,"[1751424369.2324932, 1751424369.3479779, 1751424369.3485973, 1751424369.4129162, 1751424369.4787812, 1751424369.5410008, 1751424369.6030848, 1751424369.664687, 1751424369.727426, 1751424369.7933273, 1751424369.8558648, 1751424369.9174602, 1751424369.9788961, 1751424370.0396242, 1751424370.1024094, 1751424370.168535, 1751424370.2327018, 1751424370.2991834, 1751424370.3745418, 1751424370.4439363, 1751424370.5082006, 1751424370.5738146, 1751424370.6379623, 1751424370.704042, 1751424370.7673788, 1751424370.8304236, 1751424370.8970807, 1751424370.9612887, 1751424371.0301168, 1751424371.0988007, 1751424371.163507, 1751424371.23059, 1751424371.3011086, 1751424371.365342, 1751424371.4319053, 1751424371.4961107, 1751424371.5636861, 1751424371.6268928, 1751424371.6949263, 1751424371.7591748, 1751424371.8267384, 1751424371.8897424, 1751424371.9577107]"
415,64,351,"[1751424372.2296407, 1751424372.385911, 1751424372.3865402, 1751424372.4550908, 1751424372.5176783, 1751424372.5793636, 1751424372.6448286, 1751424372.7061126, 1751424372.7694743, 1751424372.8341289, 1751424372.9004714, 1751424372.9658144, 1751424373.0322323, 1751424373.1000683, 1751424373.1636076, 1751424373.2263339, 1751424373.2931635, 1751424373.3562706, 1751424373.4177797, 1751424373.4815435, 1751424373.5468342, 1751424373.6102998, 1751424373.6787665, 1751424373.7420056, 1751424373.8061333, 1751424373.8716815, 1751424373.934572, 1751424374.001149, 1751424374.0666068, 1751424374.1337626, 1751424374.1991718, 1751424374.2654839]"
767,148,619,"[1751424374.5371706, 1751424374.777042, 1751424374.7775698, 1751424374.8455334, 1751424374.9141054, 1751424374.9768157, 1751424375.0393236, 1751424375.1064806, 1751424375.1692739, 1751424375.235634, 1751424375.3012757, 1751424375.368905, 1751424375.4337006, 1751424375.4987197, 1751424375.5618954, 1751424375.6245735, 1751424375.690875, 1751424375.756152, 1751424375.8236368, 1751424375.8887444, 1751424375.9552977, 1751424376.0208986, 1751424376.086434, 1751424376.1492953, 1751424376.2142036, 1751424376.279522, 1751424376.3481092, 1751424376.4149892, 1751424376.4823165, 1751424376.5479062, 1751424376.6155953, 1751424376.6859672, 1751424376.7554758, 1751424376.8191311, 1751424376.8868227, 1751424376.949898, 1751424377.0155385, 1751424377.0814173, 1751424377.15076, 1751424377.2148297, 1751424377.2820923, 1751424377.3461015, 1751424377.4135475, 1751424377.4774282, 1751424377.5445998, 1751424377.607307, 1751424377.6756682, 1751424377.739879, 1751424377.8077607, 1751424377.8740437, 1751424377.9420228, 1751424378.0107267, 1751424378.080905, 1751424378.1442451, 1751424378.2123628, 1751424378.2782, 1751424378.3443534, 1751424378.4134927, 1751424378.4778297, 1751424378.5463076, 1751424378.6118777, 1751424378.6781235, 1751424378.746881, 1751424378.8113651, 1751424378.8798642, 1751424378.9456663, 1751424379.0136044, 1751424379.082949, 1751424379.1516292, 1751424379.2167137, 1751424379.2855892, 1751424379.3553116, 1751424379.4216087, 1751424379.4887345]"
643,144,499,"[1751424379.7756448, 1751424379.9561036, 1751424379.956655, 1751424380.0218434, 1751424380.086081, 1751424380.1491785, 1751424380.215461, 1751424380.2782116, 1751424380.340393, 1751424380.4021442, 1751424380.4684622, 1751424380.5319989, 1751424380.5946162, 1751424380.660549, 1751424380.7238925, 1751424380.7878883, 1751424380.8534129, 1751424380.9158728, 1751424380.9782283, 1751424381.0458746, 1751424381.1604238, 1751424381.227266, 1751424381.2899942, 1751424381.3522975, 1751424381.4194658, 1751424381.4820065, 1751424381.5459943, 1751424381.611615, 1751424381.677035, 1751424381.742701, 1751424381.8075855, 1751424381.8753111, 1751424381.945911, 1751424382.0100908, 1751424382.0785096, 1751424382.148176, 1751424382.2182066, 1751424382.2813418, 1751424382.3490279, 1751424382.4126854, 1751424382.4807405, 1751424382.5434456, 1751424382.6115098, 1751424382.676251, 1751424382.7445807, 1751424382.8116388, 1751424382.8772938, 1751424382.9463286, 1751424383.0102434, 1751424383.0772092, 1751424383.140853, 1751424383.209093, 1751424383.2727995, 1751424383.3408518, 1751424383.4058084, 1751424383.473051, 1751424383.5374389, 1751424383.6044729, 1751424383.6717489, 1751424383.737289, 1751424383.8058574, 1751424383.8717785, 1751424383.9379673, 1751424384.0074975, 1751424384.0735397, 1751424384.139956, 1751424384.2052627, 1751424384.273117, 1751424384.3436284, 1751424384.4133484, 1751424384.4847412, 1751424384.5546649]"
495,200,295,"[1751424384.83694, 1751424384.993331, 1751424384.9939084, 1751424385.0601978, 1751424385.122977, 1751424385.184514, 1751424385.2454946, 1751424385.3079593, 1751424385.3734741, 1751424385.436674, 1751424385.5006776, 1751424385.5659523, 1751424385.6286085, 1751424385.6896744, 1751424385.7521412, 1751424385.818735, 1751424385.8821135, 1751424385.9485075, 1751424386.015241, 1751424386.0841346, 1751424386.1527755, 1751424386.2165399, 1751424386.2847075, 1751424386.3490458, 1751424386.4176514, 1751424386.486182, 1751424386.5505161, 1751424386.6181402, 1751424386.6890013, 1751424386.759749, 1751424386.8287854, 1751424386.892563, 1751424386.9604955, 1751424387.0235145, 1751424387.086588, 1751424387.1540568, 1751424387.2232163, 1751424387.2889283, 1751424387.357192, 1751424387.4273949, 1751424387.4977255, 1751424387.5611043, 1751424387.62901, 1751424387.6921718, 1751424387.7611523, 1751424387.8258293, 1751424387.8932183, 1751424387.9603803, 1751424388.0263958, 1751424388.0961733, 1751424388.166632, 1751424388.2366884, 1751424388.306165, 1751424388.3703759, 1751424388.4395638, 1751424388.5103312, 1751424388.580772, 1751424388.6505828, 1751424388.7153778, 1751424388.7822099, 1751424388.8479178, 1751424388.9143214, 1751424388.9812806, 1751424389.0468662, 1751424389.115418, 1751424389.1806517, 1751424389.2487807, 1751424389.3184445, 1751424389.387996, 1751424389.4526367, 1751424389.5206456, 1751424389.5878828, 1751424389.6537144, 1751424389.7231214, 1751424389.7909303, 1751424389.8567376, 1751424389.926189, 1751424389.9957464, 1751424390.0624769, 1751424390.1296477, 1751424390.199217, 1751424390.2690673, 1751424390.3406525, 1751424390.4060755, 1751424390.474122, 1751424390.5462818, 1751424390.616042, 1751424390.6865666, 1751424390.757434, 1751424390.8273032, 1751424390.8973708, 1751424390.9638102, 1751424391.031604, 1751424391.1007767, 1751424391.1708703, 1751424391.2420194, 1751424391.3127832, 1751424391.3837929, 1751424391.4544146, 1751424391.5247416]"
409,92,317,"[1751424391.8066685, 1751424391.9642112, 1751424391.964827, 1751424392.030913, 1751424392.0942214, 1751424392.1560981, 1751424392.2168453, 1751424392.2774668, 1751424392.3391511, 1751424392.4006183, 1751424392.4613616, 1751424392.5280955, 1751424392.5912817, 1751424392.6557379, 1751424392.7222524, 1751424392.7881088, 1751424392.8542645, 1751424392.9170227, 1751424392.9782126, 1751424393.0449405, 1751424393.1087732, 1751424393.178044, 1751424393.246103, 1751424393.3094869, 1751424393.3719637, 1751424393.4386818, 1751424393.5018928, 1751424393.5664973, 1751424393.6317253, 1751424393.6948092, 1751424393.75738, 1751424393.8243222, 1751424393.887538, 1751424393.953521, 1751424394.0174415, 1751424394.0863912, 1751424394.1503856, 1751424394.2169604, 1751424394.2811325, 1751424394.3492274, 1751424394.413784, 1751424394.4812627, 1751424394.544183, 1751424394.6079214, 1751424394.6744301, 1751424394.7379892]"
429,132,297,"[1751424395.0112133, 1751424395.1691718, 1751424395.169705, 1751424395.2330668, 1751424395.2935834, 1751424395.3536038, 1751424395.4146955, 1751424395.4754183, 1751424395.537097, 1751424395.5983064, 1751424395.6612678, 1751424395.727003, 1751424395.790211, 1751424395.8527918, 1751424395.9187458, 1751424395.9803011, 1751424396.046261, 1751424396.1121795, 1751424396.1773586, 1751424396.2431133, 1751424396.3065066, 1751424396.3699663, 1751424396.4359658, 1751424396.4980416, 1751424396.558748, 1751424396.6210563, 1751424396.687664, 1751424396.7508063, 1751424396.8165975, 1751424396.8807619, 1751424396.9483352, 1751424397.013052, 1751424397.0793462, 1751424397.1450953, 1751424397.2134893, 1751424397.2830353, 1751424397.3473556, 1751424397.4142802, 1751424397.477201, 1751424397.545247, 1751424397.6090877, 1751424397.6766343, 1751424397.740012, 1751424397.8080547, 1751424397.878375, 1751424397.9443932, 1751424398.0129142, 1751424398.0820541, 1751424398.152913, 1751424398.2177956, 1751424398.285098, 1751424398.3542995, 1751424398.418957, 1751424398.485805, 1751424398.549597, 1751424398.6168013, 1751424398.6800187, 1751424398.7482579, 1751424398.812261, 1751424398.8798976, 1751424398.9440238, 1751424399.0129192, 1751424399.082724, 1751424399.1480553, 1751424399.2145479, 1751424399.2801147]"
499,128,371,"[1751424399.5543504, 1751424399.7123463, 1751424399.7129614, 1751424399.7789657, 1751424399.8451824, 1751424399.9127455, 1751424399.977305, 1751424400.04524, 1751424400.1079624, 1751424400.1680806, 1751424400.2290723, 1751424400.2904086, 1751424400.3520288, 1751424400.4181015, 1751424400.4810834, 1751424400.5426185, 1751424400.6042616, 1751424400.665388, 1751424400.7334387, 1751424400.799007, 1751424400.8661914, 1751424400.9344764, 1751424400.9974792, 1751424401.0600116, 1751424401.1264236, 1751424401.1889424, 1751424401.250722, 1751424401.3176634, 1751424401.431187, 1751424401.4937317, 1751424401.560977, 1751424401.6241324, 1751424401.6877606, 1751424401.7531755, 1751424401.8163097, 1751424401.8832707, 1751424401.9469154, 1751424402.014549, 1751424402.0788963, 1751424402.1417875, 1751424402.2074864, 1751424402.2700734, 1751424402.3349557, 1751424402.4016263, 1751424402.4708626, 1751424402.534501, 1751424402.6023517, 1751424402.6657083, 1751424402.7353523, 1751424402.8059208, 1751424402.8761992, 1751424402.946558, 1751424403.0148191, 1751424403.0807846, 1751424403.1485565, 1751424403.215462, 1751424403.2825086, 1751424403.3505898, 1751424403.4167306, 1751424403.484619, 1751424403.5553555, 1751424403.62456, 1751424403.6947641, 1751424403.758893]"
703,392,311,"[1751424404.0676334, 1751424404.2244968, 1751424404.225048, 1751424404.2869055, 1751424404.3515465, 1751424404.4144225, 1751424404.47539, 1751424404.5361176, 1751424404.5982933, 1751424404.659356, 1751424404.7274678, 1751424404.789749, 1751424404.8567617, 1751424404.9197679, 1751424404.981779, 1751424405.043037, 1751424405.106879, 1751424405.1717012, 1751424405.2342415, 1751424405.2956092, 1751424405.3586154, 1751424405.4238718, 1751424405.4866369, 1751424405.5498729, 1751424405.6159828, 1751424405.6787233, 1751424405.7411861, 1751424405.8084848, 1751424405.8717647, 1751424405.9377117, 1751424406.0017736, 1751424406.06574, 1751424406.132572, 1751424406.2010872, 1751424406.26537, 1751424406.326731, 1751424406.39171, 1751424406.4570153, 1751424406.526279, 1751424406.5898974, 1751424406.6557684, 1751424406.7225442, 1751424406.790995, 1751424406.862338, 1751424406.9337409, 1751424407.0061898, 1751424407.076741, 1751424407.1468592, 1751424407.216981, 1751424407.287692, 1751424407.3591866, 1751424407.4290953, 1751424407.5001438, 1751424407.5708172, 1751424407.6420639, 1751424407.713175, 1751424407.7843516, 1751424407.8532858, 1751424407.925338, 1751424407.9951966, 1751424408.06596, 1751424408.1361794, 1751424408.2068284, 1751424408.2769835, 1751424408.3483024, 1751424408.4185808, 1751424408.4893746, 1751424408.5603404, 1751424408.6330738, 1751424408.702518, 1751424408.7741416, 1751424408.8408136, 1751424408.9082806, 1751424408.9767587, 1751424409.0469303, 1751424409.116488, 1751424409.1871583, 1751424409.257114, 1751424409.3276925, 1751424409.3978171, 1751424409.4687362, 1751424409.5388744, 1751424409.6105871, 1751424409.6818175, 1751424409.753278, 1751424409.8239741, 1751424409.891322, 1751424409.9625356, 1751424410.0317907, 1751424410.098144, 1751424410.167256, 1751424410.2373686, 1751424410.309499, 1751424410.3785772, 1751424410.4520085, 1751424410.524541, 1751424410.594755, 1751424410.6649094, 1751424410.7357297, 1751424410.8053427, 1751424410.877098, 1751424410.9473925, 1751424411.0182722, 1751424411.0881052, 1751424411.1569805, 1751424411.2275543, 1751424411.2987375, 1751424411.369407, 1751424411.440907, 1751424411.5128324, 1751424411.5835357, 1751424411.6530063, 1751424411.7238948, 1751424411.7962415, 1751424411.8665211, 1751424411.9367638, 1751424412.0088103, 1751424412.0796251, 1751424412.1500816, 1751424412.2212992, 1751424412.2912698, 1751424412.3608088, 1751424412.4321432, 1751424412.5067348, 1751424412.5808342, 1751424412.6522264, 1751424412.7269876, 1751424412.7991335, 1751424412.873686, 1751424412.944951, 1751424413.0178244, 1751424413.0893571, 1751424413.1587398, 1751424413.2295334, 1751424413.3006418, 1751424413.3711839, 1751424413.4421537, 1751424413.5121646, 1751424413.5832012, 1751424413.6550884, 1751424413.7315192, 1751424413.8038816, 1751424413.876351, 1751424413.9496381, 1751424414.023079, 1751424414.0983388, 1751424414.173027, 1751424414.24412, 1751424414.3193552, 1751424414.392384, 1751424414.4645562, 1751424414.5353293, 1751424414.607851, 1751424414.6817546, 1751424414.754368, 1751424414.826939, 1751424414.8982685, 1751424414.9692652, 1751424415.0421755, 1751424415.1180766, 1751424415.1922734, 1751424415.272227, 1751424415.3515995, 1751424415.4234822, 1751424415.495632, 1751424415.5718694, 1751424415.6453683, 1751424415.7207317, 1751424415.7965028, 1751424415.8690937, 1751424415.9461305, 1751424416.0227861, 1751424416.0979776, 1751424416.1717036, 1751424416.2477324, 1751424416.3670826, 1751424416.443126, 1751424416.5214438, 1751424416.5955894, 1751424416.673117, 1751424416.752342, 1751424416.8287692, 1751424416.9051516, 1751424416.9774394, 1751424417.0501788, 1751424417.1222968, 1751424417.197009, 1751424417.2715034, 1751424417.3450773, 1751424417.421547, 1751424417.4948125, 1751424417.5687711, 1751424417.6442971, 1751424417.716779, 1751424417.7885966, 1751424417.8611982]"
1027,314,713,"[1751424418.1628458, 1751424418.4219925, 1751424418.4225147, 1751424418.486699, 1751424418.5613625, 1751424418.6251056, 1751424418.687011, 1751424418.748054, 1751424418.8077242, 1751424418.8681402, 1751424418.9287083, 1751424418.989624, 1751424419.0512857, 1751424419.1177912, 1751424419.181087, 1751424419.2441509, 1751424419.3098226, 1751424419.374564, 1751424419.4414012, 1751424419.5066504, 1751424419.5738971, 1751424419.642024, 1751424419.7070386, 1751424419.7750452, 1751424419.8383186, 1751424419.9053235, 1751424419.96901, 1751424420.0351746, 1751424420.10049, 1751424420.1698, 1751424420.2395363, 1751424420.3039174, 1751424420.3709135, 1751424420.434328, 1751424420.5020053, 1751424420.5658062, 1751424420.6335156, 1751424420.6963592, 1751424420.7639804, 1751424420.8273394, 1751424420.8919618, 1751424420.9572895, 1751424421.0267236, 1751424421.0900943, 1751424421.1575296, 1751424421.2213843, 1751424421.2893555, 1751424421.353006, 1751424421.4199336, 1751424421.4834843, 1751424421.5520418, 1751424421.6160347, 1751424421.6838288, 1751424421.748544, 1751424421.8155055, 1751424421.8854759, 1751424421.9494379, 1751424422.0172465, 1751424422.0880833, 1751424422.1580982, 1751424422.220768, 1751424422.289434, 1751424422.3564363, 1751424422.4220383, 1751424422.490738, 1751424422.5571089, 1751424422.623874, 1751424422.6901984, 1751424422.757769, 1751424422.8265755, 1751424422.8965423, 1751424422.9658182, 1751424423.0346215, 1751424423.0993474, 1751424423.169228, 1751424423.238889, 1751424423.3086512, 1751424423.3769565, 1751424423.4424517, 1751424423.511196, 1751424423.577436, 1751424423.6437356, 1751424423.7131028, 1751424423.7830954, 1751424423.8534849, 1751424423.924795, 1751424423.994761, 1751424424.0653527, 1751424424.1325734, 1751424424.2000213, 1751424424.2684114, 1751424424.3384817, 1751424424.4096355, 1751424424.48056, 1751424424.5507739, 1751424424.6210816, 1751424424.69221, 1751424424.7644856, 1751424424.8368127, 1751424424.9086416, 1751424424.9779902, 1751424425.0494874, 1751424425.1189744, 1751424425.1882265, 1751424425.2584848, 1751424425.3291402, 1751424425.3993993, 1751424425.4698122, 1751424425.5405626, 1751424425.6118839, 1751424425.6826344, 1751424425.7532253, 1751424425.8241384, 1751424425.894823, 1751424425.9652455, 1751424426.035913, 1751424426.1078973, 1751424426.1796446, 1751424426.249946, 1751424426.3204956, 1751424426.391349, 1751424426.4621847, 1751424426.5331697, 1751424426.6039817, 1751424426.6752112, 1751424426.746764, 1751424426.8168218, 1751424426.887264, 1751424426.9590323, 1751424427.029509, 1751424427.1010034, 1751424427.170588, 1751424427.2406507, 1751424427.312899, 1751424427.3833394, 1751424427.4545918, 1751424427.5227456, 1751424427.596315, 1751424427.6674004, 1751424427.7376106, 1751424427.8077047, 1751424427.8804386, 1751424427.9547303, 1751424428.0288057, 1751424428.1014814, 1751424428.1724815, 1751424428.2425816, 1751424428.3122594, 1751424428.3798468, 1751424428.4526334, 1751424428.5245523, 1751424428.5956814, 1751424428.6659157, 1751424428.7366161, 1751424428.807276, 1751424428.878063, 1751424428.9480746]"
647,176,471,"[1751424429.2356284, 1751424429.4145174, 1751424429.415025, 1751424429.4810612, 1751424429.5429904, 1751424429.6043322, 1751424429.6649137, 1751424429.7257586, 1751424429.7864406, 1751424429.847198, 1751424429.9081812, 1751424429.9684124, 1751424430.0298114, 1751424430.1001768, 1751424430.1667833, 1751424430.2328525, 1751424430.3005157, 1751424430.362862, 1751424430.425821, 1751424430.4918437, 1751424430.5552428, 1751424430.6219459, 1751424430.6857529, 1751424430.7530591, 1751424430.8171396, 1751424430.8857229, 1751424430.9491465, 1751424431.0114262, 1751424431.0783694, 1751424431.1415746, 1751424431.2103968, 1751424431.2788084, 1751424431.3423524, 1751424431.4093325, 1751424431.4728808, 1751424431.5411422, 1751424431.6044488, 1751424431.6719096, 1751424431.7336278, 1751424431.7982326, 1751424431.8642726, 1751424431.9280267, 1751424431.995021, 1751424432.0581515, 1751424432.126303, 1751424432.1893742, 1751424432.2579942, 1751424432.3210464, 1751424432.3883588, 1751424432.4530332, 1751424432.5209203, 1751424432.583843, 1751424432.6517646, 1751424432.719239, 1751424432.7882013, 1751424432.8569114, 1751424432.9266884, 1751424432.9969878, 1751424433.0671256, 1751424433.1363535, 1751424433.2007174, 1751424433.2684205, 1751424433.3386686, 1751424433.4030087, 1751424433.4712412, 1751424433.5381413, 1751424433.6040587, 1751424433.6744802, 1751424433.7444007, 1751424433.8136108, 1751424433.878337, 1751424433.946105, 1751424434.0170796, 1751424434.0874119, 1751424434.156697, 1751424434.2206933, 1751424434.2891138, 1751424434.3591492, 1751424434.4290862, 1751424434.4948947, 1751424434.5620046, 1751424434.6315942, 1751424434.6965182, 1751424434.764779, 1751424434.8319745, 1751424434.9001806, 1751424434.9676368, 1751424435.0373044]"
639,234,405,"[1751424435.3222966, 1751424435.5116112, 1751424435.5121663, 1751424435.576698, 1751424435.6436563, 1751424435.7057447, 1751424435.767099, 1751424435.8306892, 1751424435.8967326, 1751424435.9688294, 1751424436.042062, 1751424436.1122918, 1751424436.1814728, 1751424436.2498977, 1751424436.3126333, 1751424436.3754184, 1751424436.4417868, 1751424436.5520988, 1751424436.6170347, 1751424436.6843355, 1751424436.747882, 1751424436.8149996, 1751424436.8781443, 1751424436.9441617, 1751424437.0094614, 1751424437.074692, 1751424437.141183, 1751424437.2089674, 1751424437.2746296, 1751424437.3427675, 1751424437.4063268, 1751424437.4739547, 1751424437.5371938, 1751424437.6022148, 1751424437.66816, 1751424437.7372882, 1751424437.8020494, 1751424437.8695207, 1751424437.9360232, 1751424438.0052052, 1751424438.0733054, 1751424438.1428149, 1751424438.206233, 1751424438.273725, 1751424438.3376112, 1751424438.4056106, 1751424438.4685373, 1751424438.5364952, 1751424438.600005, 1751424438.6678321, 1751424438.7322853, 1751424438.7996294, 1751424438.8637915, 1751424438.9306512, 1751424438.9942467, 1751424439.0618596, 1751424439.126443, 1751424439.1935878, 1751424439.2589526, 1751424439.325634, 1751424439.3959217, 1751424439.4642506, 1751424439.52885, 1751424439.597639, 1751424439.662836, 1751424439.7297902, 1751424439.7993665, 1751424439.8641977, 1751424439.9306958, 1751424439.9953392, 1751424440.0633316, 1751424440.1327326, 1751424440.1974666, 1751424440.2661014, 1751424440.3354714, 1751424440.4009533, 1751424440.4687111, 1751424440.5397108, 1751424440.6097126, 1751424440.6793227, 1751424440.7446852, 1751424440.8135574, 1751424440.8851182, 1751424440.95608, 1751424441.0271723, 1751424441.0966668, 1751424441.1687918, 1751424441.2388966, 1751424441.308261, 1751424441.3788626, 1751424441.449175, 1751424441.5196075, 1751424441.5896993, 1751424441.660638, 1751424441.7313316, 1751424441.803641, 1751424441.8740015, 1751424441.9459262, 1751424442.0170825, 1751424442.088038, 1751424442.1583352, 1751424442.2288067, 1751424442.2999175, 1751424442.3710997, 1751424442.4398854, 1751424442.5109935, 1751424442.583165, 1751424442.6557424, 1751424442.726947, 1751424442.7970982, 1751424442.8660564, 1751424442.937893, 1751424443.0077424, 1751424443.077382, 1751424443.1476493, 1751424443.2182457, 1751424443.2895103]"
359,68,291,"[1751424443.568636, 1751424443.7260876, 1751424443.7266963, 1751424443.7893128, 1751424443.84984, 1751424443.910262, 1751424443.970611, 1751424444.0325162, 1751424444.0936053, 1751424444.15362, 1751424444.2148807, 1751424444.2760305, 1751424444.3392043, 1751424444.4042928, 1751424444.4670503, 1751424444.5280886, 1751424444.5890658, 1751424444.6495006, 1751424444.710998, 1751424444.777569, 1751424444.8410325, 1751424444.9075723, 1751424444.9729729, 1751424445.0415857, 1751424445.1051066, 1751424445.1668084, 1751424445.233712, 1751424445.2966533, 1751424445.3590336, 1751424445.4259367, 1751424445.4896991, 1751424445.5570505, 1751424445.620572, 1751424445.6815734]"
347,130,217,"[1751424445.963757, 1751424446.0774398, 1751424446.0779934, 1751424446.1399665, 1751424446.2041862, 1751424446.2712572, 1751424446.3403633, 1751424446.4063008, 1751424446.4724815, 1751424446.5416331, 1751424446.610892, 1751424446.6753247, 1751424446.7438326, 1751424446.814128, 1751424446.8827226, 1751424446.9451392, 1751424447.0065732, 1751424447.0687401, 1751424447.1360564, 1751424447.19859, 1751424447.262082, 1751424447.3280356, 1751424447.3965, 1751424447.4603271, 1751424447.5223322, 1751424447.5892289, 1751424447.6521413, 1751424447.716029, 1751424447.7822258, 1751424447.8468099, 1751424447.9122775, 1751424447.9780762, 1751424448.0449812, 1751424448.1113136, 1751424448.1781054, 1751424448.2675464, 1751424448.360291, 1751424448.43081, 1751424448.5010636, 1751424448.5656824, 1751424448.6328485, 1751424448.6965017, 1751424448.7637205, 1751424448.8269756, 1751424448.8945959, 1751424448.9580116, 1751424449.0221548, 1751424449.0895834, 1751424449.1534832, 1751424449.220152, 1751424449.289949, 1751424449.3534694, 1751424449.4215038, 1751424449.486088, 1751424449.5532537, 1751424449.618808, 1751424449.6846945, 1751424449.7501392, 1751424449.8166792, 1751424449.8857138, 1751424449.948017, 1751424450.0171843, 1751424450.0853593, 1751424450.1511335, 1751424450.219143]"
511,108,403,"[1751424450.4994, 1751424450.686097, 1751424450.6867177, 1751424450.753657, 1751424450.8164062, 1751424450.877409, 1751424450.938349, 1751424450.9984376, 1751424451.0595088, 1751424451.120099, 1751424451.1809776, 1751424451.2427852, 1751424451.309131, 1751424451.3724759, 1751424451.4344883, 1751424451.4996738, 1751424451.5649915, 1751424451.6328142, 1751424451.6963134, 1751424451.764423, 1751424451.829431, 1751424451.8972812, 1751424451.9661188, 1751424452.0302846, 1751424452.0979073, 1751424452.1602907, 1751424452.2241416, 1751424452.289816, 1751424452.3525014, 1751424452.4164045, 1751424452.4822545, 1751424452.5448697, 1751424452.6113434, 1751424452.6759472, 1751424452.739891, 1751424452.8073552, 1751424452.876797, 1751424452.940295, 1751424453.007668, 1751424453.0712442, 1751424453.1415572, 1751424453.2129116, 1751424453.2808008, 1751424453.343588, 1751424453.4113743, 1751424453.4750779, 1751424453.5432527, 1751424453.6065788, 1751424453.6742833, 1751424453.7373655, 1751424453.8053384, 1751424453.869203, 1751424453.9376495, 1751424454.001719]"
475,130,345,"[1751424454.2785969, 1751424454.4344175, 1751424454.4350398, 1751424454.4995632, 1751424454.564634, 1751424454.6280866, 1751424454.6931207, 1751424454.7568352, 1751424454.8185747, 1751424454.8792214, 1751424454.9415832, 1751424455.007836, 1751424455.0711117, 1751424455.1337218, 1751424455.2003822, 1751424455.263493, 1751424455.3243515, 1751424455.3854575, 1751424455.4465644, 1751424455.510111, 1751424455.5757096, 1751424455.6389537, 1751424455.7057064, 1751424455.7688503, 1751424455.830008, 1751424455.892956, 1751424455.9589481, 1751424456.021808, 1751424456.0858283, 1751424456.1517606, 1751424456.215963, 1751424456.2827942, 1751424456.346797, 1751424456.4141233, 1751424456.4773455, 1751424456.5458064, 1751424456.6110685, 1751424456.6778138, 1751424456.748034, 1751424456.812404, 1751424456.8787007, 1751424456.9440553, 1751424457.01148, 1751424457.0819886, 1751424457.1516256, 1751424457.2184942, 1751424457.286031, 1751424457.3543878, 1751424457.4239776, 1751424457.4896295, 1751424457.557195, 1751424457.626572, 1751424457.696614, 1751424457.760423, 1751424457.8295054, 1751424457.900032, 1751424457.9697611, 1751424458.037295, 1751424458.1035938, 1751424458.1723697, 1751424458.2432091, 1751424458.3124335, 1751424458.3760552, 1751424458.444091, 1751424458.508451]"
345,46,299,"[1751424458.7993982, 1751424458.9912379, 1751424458.9918709, 1751424459.0590444, 1751424459.1230283, 1751424459.1848123, 1751424459.2460816, 1751424459.3121657, 1751424459.3754654, 1751424459.4383059, 1751424459.5051284, 1751424459.5674667, 1751424459.6289616, 1751424459.6889505, 1751424459.750159, 1751424459.8122067, 1751424459.8788152, 1751424459.9423993, 1751424460.0074801, 1751424460.0720818, 1751424460.1364317, 1751424460.2024293, 1751424460.2665505]"
397,134,263,"[1751424460.5409415, 1751424460.6930244, 1751424460.6935294, 1751424460.7588284, 1751424460.8220422, 1751424460.8842227, 1751424460.947602, 1751424461.0131621, 1751424461.077886, 1751424461.143546, 1751424461.2070622, 1751424461.268378, 1751424461.33528, 1751424461.3981564, 1751424461.460462, 1751424461.5270584, 1751424461.5906284, 1751424461.6537652, 1751424461.7202294, 1751424461.7830033, 1751424461.8479285, 1751424461.9132762, 1751424461.9812748, 1751424462.0452456, 1751424462.112294, 1751424462.1767044, 1751424462.2449694, 1751424462.308928, 1751424462.375133, 1751424462.4414194, 1751424462.5096152, 1751424462.5791469, 1751424462.6435392, 1751424462.712131, 1751424462.7815173, 1751424462.8517628, 1751424462.921998, 1751424462.9855397, 1751424463.053667, 1751424463.1233225, 1751424463.1872392, 1751424463.254796, 1751424463.3182359, 1751424463.3874636, 1751424463.4569504, 1751424463.52038, 1751424463.5886986, 1751424463.6513777, 1751424463.7196555, 1751424463.7852771, 1751424463.8521934, 1751424463.91461, 1751424463.98194, 1751424464.046022, 1751424464.1101778, 1751424464.1761408, 1751424464.245986, 1751424464.3093548, 1751424464.3776429, 1751424464.4406583, 1751424464.5093381, 1751424464.578181, 1751424464.6451356, 1751424464.7114756, 1751424464.7786803, 1751424464.8443153, 1751424464.912891]"
503,122,381,"[1751424465.1870055, 1751424465.3425083, 1751424465.343024, 1751424465.409283, 1751424465.4719715, 1751424465.5330694, 1751424465.5940802, 1751424465.6548495, 1751424465.7172954, 1751424465.7826374, 1751424465.8454106, 1751424465.9078693, 1751424465.969155, 1751424466.0356123, 1751424466.0987716, 1751424466.1619399, 1751424466.227375, 1751424466.290328, 1751424466.3519578, 1751424466.4181201, 1751424466.4817631, 1751424466.5524297, 1751424466.6208022, 1751424466.6844907, 1751424466.751474, 1751424466.815584, 1751424466.8870885, 1751424466.9549768, 1751424467.0179121, 1751424467.0839903, 1751424467.1489449, 1751424467.217785, 1751424467.2811818, 1751424467.3500528, 1751424467.417167, 1751424467.4812799, 1751424467.5444982, 1751424467.6121008, 1751424467.6754718, 1751424467.7449331, 1751424467.8168316, 1751424467.8857274, 1751424467.952221, 1751424468.019149, 1751424468.087656, 1751424468.1516907, 1751424468.2196882, 1751424468.2825458, 1751424468.35082, 1751424468.4156466, 1751424468.4835496, 1751424468.5472217, 1751424468.6153672, 1751424468.6790073, 1751424468.7470558, 1751424468.8109457, 1751424468.878907, 1751424468.9430528, 1751424469.0108466, 1751424469.078437, 1751424469.1464972]"
435,120,315,"[1751424469.4731867, 1751424469.6302702, 1751424469.6308281, 1751424469.6969461, 1751424469.7587123, 1751424469.819606, 1751424469.881035, 1751424469.942289, 1751424470.0061967, 1751424470.0710053, 1751424470.133922, 1751424470.1971395, 1751424470.2669723, 1751424470.3310902, 1751424470.3948386, 1751424470.4573498, 1751424470.5190985, 1751424470.5866003, 1751424470.649445, 1751424470.711554, 1751424470.7779832, 1751424470.8408678, 1751424470.904232, 1751424470.9709566, 1751424471.0336077, 1751424471.0964625, 1751424471.162986, 1751424471.2259223, 1751424471.2890363, 1751424471.3550975, 1751424471.4179611, 1751424471.4852672, 1751424471.5472074, 1751424471.6100478, 1751424471.676694, 1751424471.7413526, 1751424471.8117793, 1751424471.8759942, 1751424471.9426498, 1751424472.0064833, 1751424472.074767, 1751424472.1450436, 1751424472.21528, 1751424472.2800171, 1751424472.3441706, 1751424472.405349, 1751424472.4709373, 1751424472.5398407, 1751424472.6042361, 1751424472.6724095, 1751424472.7408254, 1751424472.8067207, 1751424472.8742514, 1751424472.9369822, 1751424473.0052204, 1751424473.0685346, 1751424473.1372216, 1751424473.200812, 1751424473.2701242, 1751424473.3406296]"
973,308,665,"[1751424473.6226144, 1751424473.8860512, 1751424473.8866837, 1751424473.9516456, 1751424474.0174801, 1751424474.0795057, 1751424474.140332, 1751424474.203416, 1751424474.2674267, 1751424474.332046, 1751424474.392911, 1751424474.455721, 1751424474.5168905, 1751424474.578893, 1751424474.6451113, 1751424474.7082136, 1751424474.76981, 1751424474.8341987, 1751424474.899335, 1751424474.9618642, 1751424475.0269582, 1751424475.0927844, 1751424475.161241, 1751424475.2250447, 1751424475.286506, 1751424475.3511593, 1751424475.4161797, 1751424475.4783666, 1751424475.540717, 1751424475.608049, 1751424475.671471, 1751424475.7386222, 1751424475.8039453, 1751424475.872392, 1751424475.9425952, 1751424476.0086336, 1751424476.0756958, 1751424476.1458974, 1751424476.2169197, 1751424476.2872064, 1751424476.3568683, 1751424476.4230876, 1751424476.4915304, 1751424476.562284, 1751424476.6334362, 1751424476.703459, 1751424476.7735386, 1751424476.8438706, 1751424476.9102035, 1751424476.9765902, 1751424477.0461972, 1751424477.1120894, 1751424477.1793213, 1751424477.2477953, 1751424477.3128107, 1751424477.3801982, 1751424477.450941, 1751424477.5208876, 1751424477.5857105, 1751424477.6534975, 1751424477.7240055, 1751424477.7925591, 1751424477.8594227, 1751424477.928233, 1751424477.996668, 1751424478.0668213, 1751424478.1323326, 1751424478.2007465, 1751424478.2709916, 1751424478.341172, 1751424478.4129336, 1751424478.4829454, 1751424478.553147, 1751424478.6246605, 1751424478.6948001, 1751424478.7659528, 1751424478.8366244, 1751424478.906399, 1751424478.9770942, 1751424479.0460773, 1751424479.1115727, 1751424479.179602, 1751424479.249244, 1751424479.3194993, 1751424479.3898358, 1751424479.4607692, 1751424479.5311813, 1751424479.602116, 1751424479.6723301, 1751424479.743112, 1751424479.8141472, 1751424479.8848934, 1751424479.9553256, 1751424480.0282052, 1751424480.101273, 1751424480.1713538, 1751424480.241098, 1751424480.3123038, 1751424480.3827157, 1751424480.4530776, 1751424480.5237293, 1751424480.5941668, 1751424480.6640697, 1751424480.7344968, 1751424480.8044856, 1751424480.8755207, 1751424480.945981, 1751424481.0163293, 1751424481.0874884, 1751424481.1588595, 1751424481.2303715, 1751424481.3012915, 1751424481.3716643, 1751424481.442063, 1751424481.5127678, 1751424481.5842125, 1751424481.6565943, 1751424481.7275386, 1751424481.7979062, 1751424481.868777, 1751424481.9401593, 1751424482.0131943, 1751424482.0829053, 1751424482.1526816, 1751424482.2248056, 1751424482.2948265, 1751424482.364864, 1751424482.43627, 1751424482.5058036, 1751424482.5764647, 1751424482.6478598, 1751424482.7177148, 1751424482.7913764, 1751424482.864798, 1751424482.9391341, 1751424483.0106392, 1751424483.0819018, 1751424483.1559281, 1751424483.2264588, 1751424483.2972631, 1751424483.3667135, 1751424483.4368737, 1751424483.5082903, 1751424483.5794883, 1751424483.6498003, 1751424483.7209694, 1751424483.7924838, 1751424483.8656964, 1751424483.9419956, 1751424484.0143018, 1751424484.088541, 1751424484.1654768, 1751424484.2378619, 1751424484.3089747]"
535,218,317,"[1751424484.643905, 1751424484.801754, 1751424484.802366, 1751424484.8661346, 1751424484.9312625, 1751424484.993604, 1751424485.0570958, 1751424485.1230233, 1751424485.1854534, 1751424485.2463796, 1751424485.3066998, 1751424485.3679173, 1751424485.4293554, 1751424485.4925463, 1751424485.5584927, 1751424485.621063, 1751424485.6828592, 1751424485.7492914, 1751424485.8121078, 1751424485.8759115, 1751424485.9416094, 1751424486.0042484, 1751424486.0658307, 1751424486.1323133, 1751424486.1959293, 1751424486.2622175, 1751424486.326147, 1751424486.3943346, 1751424486.458845, 1751424486.5267646, 1751424486.5904207, 1751424486.6549873, 1751424486.7223685, 1751424486.7907004, 1751424486.8543286, 1751424486.921923, 1751424486.986463, 1751424487.0545518, 1751424487.1204677, 1751424487.1862922, 1751424487.255664, 1751424487.3205376, 1751424487.3875082, 1751424487.4496665, 1751424487.5167282, 1751424487.5817611, 1751424487.650566, 1751424487.7142, 1751424487.7815523, 1751424487.845808, 1751424487.9125931, 1751424487.9781854, 1751424488.0454068, 1751424488.1152413, 1751424488.179874, 1751424488.2475758, 1751424488.317395, 1751424488.3815792, 1751424488.448799, 1751424488.513312, 1751424488.5812445, 1751424488.6505036, 1751424488.7142348, 1751424488.7826235, 1751424488.8496108, 1751424488.9156556, 1751424488.9836311, 1751424489.0487175, 1751424489.116576, 1751424489.1874843, 1751424489.258938, 1751424489.3302305, 1751424489.4000037, 1751424489.4694502, 1751424489.535257, 1751424489.6026192, 1751424489.6726415, 1751424489.742344, 1751424489.8094835, 1751424489.8761458, 1751424489.9456506, 1751424490.0156517, 1751424490.0808039, 1751424490.1484478, 1751424490.2193282, 1751424490.2908826, 1751424490.360041, 1751424490.4304438, 1751424490.5006814, 1751424490.5699646, 1751424490.6364317, 1751424490.705787, 1751424490.775909, 1751424490.84706, 1751424490.9170523, 1751424490.9875567, 1751424491.0587418, 1751424491.1290734, 1751424491.199645, 1751424491.2698953, 1751424491.3402975, 1751424491.4116032, 1751424491.4823892, 1751424491.5533407, 1751424491.6241653, 1751424491.695735, 1751424491.7680645, 1751424491.8382726, 1751424491.9101813]"
733,204,529,"[1751424492.2045295, 1751424492.4183004, 1751424492.418922, 1751424492.4850035, 1751424492.5470145, 1751424492.608281, 1751424492.6699133, 1751424492.7365677, 1751424492.8025153, 1751424492.86911, 1751424492.9352136, 1751424493.0015419, 1751424493.0635035, 1751424493.1259384, 1751424493.1920547, 1751424493.2545023, 1751424493.316084, 1751424493.3782163, 1751424493.4444776, 1751424493.5072286, 1751424493.568213, 1751424493.6296797, 1751424493.6919959, 1751424493.758075, 1751424493.821212, 1751424493.883932, 1751424493.9503925, 1751424494.015166, 1751424494.08106, 1751424494.145653, 1751424494.2134252, 1751424494.2761476, 1751424494.342102, 1751424494.406519, 1751424494.4750433, 1751424494.5385985, 1751424494.6023862, 1751424494.669776, 1751424494.7349517, 1751424494.802188, 1751424494.8728006, 1751424494.9419868, 1751424495.0062015, 1751424495.0736518, 1751424495.14347, 1751424495.2071369, 1751424495.275348, 1751424495.344553, 1751424495.4088123, 1751424495.4770715, 1751424495.541606, 1751424495.6090064, 1751424495.6723552, 1751424495.7401059, 1751424495.8038037, 1751424495.8770082, 1751424495.944253, 1751424496.0133364, 1751424496.0781395, 1751424496.1458783, 1751424496.2158191, 1751424496.281678, 1751424496.3486235, 1751424496.419637, 1751424496.4888136, 1751424496.554816, 1751424496.6224647, 1751424496.690332, 1751424496.7554736, 1751424496.8236225, 1751424496.8933325, 1751424496.959473, 1751424497.0268295, 1751424497.0974014, 1751424497.1676202, 1751424497.2359025, 1751424497.3019445, 1751424497.3714652, 1751424497.442176, 1751424497.5104194, 1751424497.5764716, 1751424497.6443336, 1751424497.714218, 1751424497.7851028, 1751424497.8502712, 1751424497.9196668, 1751424497.990009, 1751424498.0606, 1751424498.130912, 1751424498.2017107, 1751424498.2725134, 1751424498.3426516, 1751424498.4132261, 1751424498.4835398, 1751424498.5536275, 1751424498.624621, 1751424498.6954625, 1751424498.7664175, 1751424498.837013, 1751424498.9077857, 1751424498.9776053, 1751424499.048377]"
647,312,335,"[1751424499.3507946, 1751424499.5071855, 1751424499.5078063, 1751424499.5739782, 1751424499.6381292, 1751424499.701601, 1751424499.7678106, 1751424499.8300223, 1751424499.8924956, 1751424499.9574132, 1751424500.0246773, 1751424500.092827, 1751424500.157589, 1751424500.2261982, 1751424500.29502, 1751424500.3580732, 1751424500.4243748, 1751424500.4879527, 1751424500.5504503, 1751424500.6172674, 1751424500.6807156, 1751424500.7478452, 1751424500.8115284, 1751424500.8734374, 1751424500.9350114, 1751424501.0023293, 1751424501.0654743, 1751424501.128195, 1751424501.1946187, 1751424501.2598908, 1751424501.3291872, 1751424501.3965616, 1751424501.460225, 1751424501.5276983, 1751424501.5913637, 1751424501.658914, 1751424501.7226062, 1751424501.7905777, 1751424501.855005, 1751424501.9219756, 1751424501.9856756, 1751424502.0533075, 1751424502.118782, 1751424502.1810167, 1751424502.2479658, 1751424502.317662, 1751424502.3876362, 1751424502.4506445, 1751424502.5183618, 1751424502.5836022, 1751424502.6517012, 1751424502.71603, 1751424502.784354, 1751424502.8540921, 1751424502.9181914, 1751424502.9856615, 1751424503.0491235, 1751424503.1169734, 1751424503.1810544, 1751424503.2491, 1751424503.3154593, 1751424503.381936, 1751424503.4516683, 1751424503.5145884, 1751424503.583108, 1751424503.6468801, 1751424503.714853, 1751424503.7797022, 1751424503.8474336, 1751424503.9167564, 1751424503.981388, 1751424504.0491683, 1751424504.1145575, 1751424504.1820245, 1751424504.252174, 1751424504.321593, 1751424504.3865275, 1751424504.4538763, 1751424504.5236306, 1751424504.5885677, 1751424504.6560156, 1751424504.7259262, 1751424504.7963078, 1751424504.8636467, 1751424504.9307, 1751424504.9998853, 1751424505.0701122, 1751424505.1397502, 1751424505.212025, 1751424505.2831798, 1751424505.354349, 1751424505.424834, 1751424505.4965725, 1751424505.567074, 1751424505.640135, 1751424505.7094662, 1751424505.7805521, 1751424505.8512025, 1751424505.9216814, 1751424505.9944685, 1751424506.0649612, 1751424506.1339574, 1751424506.2053578, 1751424506.2763517, 1751424506.347514, 1751424506.4203393, 1751424506.4893014, 1751424506.5592067, 1751424506.6308513, 1751424506.702246, 1751424506.8186367, 1751424506.889091, 1751424506.9597526, 1751424507.0304368, 1751424507.1044247, 1751424507.181512, 1751424507.2527692, 1751424507.3234067, 1751424507.3940656, 1751424507.4645958, 1751424507.5361626, 1751424507.6092324, 1751424507.6792915, 1751424507.749435, 1751424507.817098, 1751424507.8897643, 1751424507.959925, 1751424508.0316908, 1751424508.103307, 1751424508.1750572, 1751424508.2464213, 1751424508.3168712, 1751424508.386283, 1751424508.4569852, 1751424508.5282686, 1751424508.5977888, 1751424508.6698716, 1751424508.7395747, 1751424508.8099518, 1751424508.8805885, 1751424508.9507866, 1751424509.0238407, 1751424509.0937345, 1751424509.1627102, 1751424509.2345657, 1751424509.306189, 1751424509.3741903, 1751424509.4465966, 1751424509.5185544, 1751424509.5903432, 1751424509.6603534, 1751424509.730434, 1751424509.8021727, 1751424509.8720963, 1751424509.9428558, 1751424510.0143604]"
853,132,721,"[1751424510.3045602, 1751424510.5548236, 1751424510.5553205, 1751424510.6201556, 1751424510.6839385, 1751424510.7496707, 1751424510.8142557, 1751424510.8817332, 1751424510.9450548, 1751424511.0099223, 1751424511.0753953, 1751424511.1412108, 1751424511.205744, 1751424511.2684546, 1751424511.3313923, 1751424511.3969278, 1751424511.459409, 1751424511.521174, 1751424511.584855, 1751424511.6503682, 1751424511.7133632, 1751424511.7786653, 1751424511.84366, 1751424511.9129632, 1751424511.9761746, 1751424512.0403771, 1751424512.107184, 1751424512.176305, 1751424512.2392802, 1751424512.306039, 1751424512.37112, 1751424512.4398732, 1751424512.5039146, 1751424512.570709, 1751424512.634461, 1751424512.6998544, 1751424512.7655094, 1751424512.8340664, 1751424512.8988433, 1751424512.9656901, 1751424513.0291176, 1751424513.096898, 1751424513.1626472, 1751424513.229506, 1751424513.2925305, 1751424513.3608692, 1751424513.4241776, 1751424513.4919066, 1751424513.5558112, 1751424513.623849, 1751424513.6881292, 1751424513.7555103, 1751424513.8190517, 1751424513.8876295, 1751424513.9516783, 1751424514.0192747, 1751424514.0831652, 1751424514.1512415, 1751424514.221429, 1751424514.2848563, 1751424514.352504, 1751424514.4167492, 1751424514.484722, 1751424514.5489714, 1751424514.616586, 1751424514.6799214]"
615,150,465,"[1751424514.9562228, 1751424515.135814, 1751424515.136425, 1751424515.2041097, 1751424515.268569, 1751424515.3348641, 1751424515.398238, 1751424515.461636, 1751424515.5281498, 1751424515.591361, 1751424515.652417, 1751424515.713404, 1751424515.773731, 1751424515.8347557, 1751424515.8955765, 1751424515.956264, 1751424516.0179932, 1751424516.0824552, 1751424516.1472433, 1751424516.2126198, 1751424516.2761505, 1751424516.3404114, 1751424516.4034579, 1751424516.4697464, 1751424516.532543, 1751424516.594427, 1751424516.6616373, 1751424516.7253847, 1751424516.7871013, 1751424516.8539178, 1751424516.917301, 1751424516.9840178, 1751424517.0482266, 1751424517.1159678, 1751424517.180146, 1751424517.249113, 1751424517.3148568, 1751424517.3806808, 1751424517.4507036, 1751424517.515899, 1751424517.583113, 1751424517.652464, 1751424517.715684, 1751424517.7835743, 1751424517.8476632, 1751424517.9142394, 1751424517.9799073, 1751424518.047278, 1751424518.1107955, 1751424518.1788304, 1751424518.2436755, 1751424518.3107781, 1751424518.3740077, 1751424518.4429967, 1751424518.5118515, 1751424518.5750828, 1751424518.6432657, 1751424518.707094, 1751424518.776844, 1751424518.8477058, 1751424518.918342, 1751424518.9894676, 1751424519.061083, 1751424519.1295683, 1751424519.1959352, 1751424519.262077, 1751424519.3318381, 1751424519.3977127, 1751424519.465479, 1751424519.5352385, 1751424519.6033218, 1751424519.6679082, 1751424519.7364538, 1751424519.8060029, 1751424519.870403]"
597,210,387,"[1751424520.1453316, 1751424520.3330703, 1751424520.3335743, 1751424520.3968923, 1751424520.4573586, 1751424520.5182197, 1751424520.579453, 1751424520.640302, 1751424520.7025695, 1751424520.7651808, 1751424520.8327432, 1751424520.898919, 1751424520.9626367, 1751424521.0297887, 1751424521.0937998, 1751424521.1588213, 1751424521.2230446, 1751424521.2853084, 1751424521.3471541, 1751424521.4120724, 1751424521.4783998, 1751424521.5469394, 1751424521.6141999, 1751424521.6800103, 1751424521.7499871, 1751424521.8142853, 1751424521.8805158, 1751424521.943021, 1751424522.0063753, 1751424522.0729802, 1751424522.1427646, 1751424522.2059948, 1751424522.2735522, 1751424522.3370717, 1751424522.404615, 1751424522.4681513, 1751424522.5363972, 1751424522.599638, 1751424522.667759, 1751424522.7318232, 1751424522.7964423, 1751424522.8626225, 1751424522.9316056, 1751424522.9994733, 1751424523.0648582, 1751424523.132715, 1751424523.1964216, 1751424523.273789, 1751424523.3378189, 1751424523.4020495, 1751424523.4682724, 1751424523.537816, 1751424523.6073766, 1751424523.6715384, 1751424523.7401104, 1751424523.80431, 1751424523.8724732, 1751424523.9351985, 1751424524.0052247, 1751424524.0757318, 1751424524.1402092, 1751424524.207759, 1751424524.2779915, 1751424524.3444717, 1751424524.4103997, 1751424524.475735, 1751424524.5424068, 1751424524.6113622, 1751424524.6783073, 1751424524.744634, 1751424524.8155463, 1751424524.8840835, 1751424524.9495015, 1751424525.016249, 1751424525.086039, 1751424525.151336, 1751424525.2193706, 1751424525.289675, 1751424525.3574188, 1751424525.423194, 1751424525.492787, 1751424525.5576093, 1751424525.6253407, 1751424525.6951947, 1751424525.7621858, 1751424525.82875, 1751424525.8990998, 1751424525.9696486, 1751424526.0395308, 1751424526.104121, 1751424526.1724217, 1751424526.242111, 1751424526.3103604, 1751424526.3782353, 1751424526.4903142, 1751424526.5589151, 1751424526.629417, 1751424526.6991417, 1751424526.7695549, 1751424526.842104, 1751424526.9151647, 1751424526.9864411, 1751424527.0565963, 1751424527.1280406, 1751424527.198038]"
523,118,405,"[1751424527.510264, 1751424527.6986675, 1751424527.6993232, 1751424527.7691267, 1751424527.8353176, 1751424527.9017127, 1751424527.9682412, 1751424528.0335448, 1751424528.1012788, 1751424528.1648405, 1751424528.2308602, 1751424528.2948349, 1751424528.3600757, 1751424528.424829, 1751424528.487907, 1751424528.5544827, 1751424528.6182094, 1751424528.683139, 1751424528.74826, 1751424528.8161576, 1751424528.9021974, 1751424528.9707973, 1751424529.035535, 1751424529.1018004, 1751424529.1686373, 1751424529.2340348, 1751424529.3027205, 1751424529.3664987, 1751424529.4342742, 1751424529.4979088, 1751424529.5613086, 1751424529.6274529, 1751424529.6957042, 1751424529.760145, 1751424529.828217, 1751424529.8920875, 1751424529.9596822, 1751424530.02318, 1751424530.090667, 1751424530.1547446, 1751424530.222955, 1751424530.287868, 1751424530.354501, 1751424530.425022, 1751424530.496027, 1751424530.5674622, 1751424530.6384504, 1751424530.709098, 1751424530.779801, 1751424530.8502355, 1751424530.9206507, 1751424530.9899786, 1751424531.0605083, 1751424531.1322808, 1751424531.203083, 1751424531.2737358, 1751424531.3438716, 1751424531.4145997, 1751424531.4857178]"
691,248,443,"[1751424531.7705157, 1751424531.9612744, 1751424531.9617963, 1751424532.0297463, 1751424532.0950928, 1751424532.1627748, 1751424532.2279024, 1751424532.294668, 1751424532.3654535, 1751424532.4360402, 1751424532.5080519, 1751424532.5788062, 1751424532.648129, 1751424532.7147303, 1751424532.7849777, 1751424532.8524551, 1751424532.9211266, 1751424532.9842272, 1751424533.0484228, 1751424533.1139276, 1751424533.1783562, 1751424533.2445607, 1751424533.3087482, 1751424533.3763084, 1751424533.442069, 1751424533.5089254, 1751424533.5778701, 1751424533.6425877, 1751424533.7101955, 1751424533.7757983, 1751424533.843001, 1751424533.911931, 1751424533.9765446, 1751424534.042874, 1751424534.1057541, 1751424534.1742005, 1751424534.238464, 1751424534.305648, 1751424534.3705106, 1751424534.4385357, 1751424534.5074883, 1751424534.5731127, 1751424534.641122, 1751424534.7098033, 1751424534.7799098, 1751424534.8429031, 1751424534.9116044, 1751424534.9785318, 1751424535.045404, 1751424535.1137345, 1751424535.1831672, 1751424535.2492046, 1751424535.3177788, 1751424535.388241, 1751424535.459087, 1751424535.52943, 1751424535.5998888, 1751424535.670724, 1751424535.7419684, 1751424535.812934, 1751424535.883713, 1751424535.9560802, 1751424536.0281832, 1751424536.0969267, 1751424536.166611, 1751424536.2376673, 1751424536.3084962, 1751424536.3797655, 1751424536.451123, 1751424536.5213974, 1751424536.593211, 1751424536.6643827, 1751424536.734285, 1751424536.803277, 1751424536.8733652, 1751424536.942649, 1751424537.0116076, 1751424537.0768836, 1751424537.1441455, 1751424537.214541, 1751424537.2849324, 1751424537.3529794, 1751424537.4197924, 1751424537.4885416, 1751424537.5610137, 1751424537.6307266, 1751424537.7023036, 1751424537.772796, 1751424537.8406608, 1751424537.911236, 1751424537.981955, 1751424538.0527596, 1751424538.1248767, 1751424538.195704, 1751424538.267789, 1751424538.338897, 1751424538.4118989, 1751424538.4870455, 1751424538.55785, 1751424538.6281803, 1751424538.6996405, 1751424538.7695093, 1751424538.8411937, 1751424538.911677, 1751424538.9826386, 1751424539.0528874, 1751424539.1203172, 1751424539.187554, 1751424539.2566948, 1751424539.3257692, 1751424539.3964715, 1751424539.4664192, 1751424539.537175, 1751424539.6098828, 1751424539.6793506, 1751424539.7491035, 1751424539.8201895, 1751424539.8906693, 1751424539.9621909, 1751424540.0300891, 1751424540.1020777, 1751424540.1730301, 1751424540.24567, 1751424540.3174016]"
409,170,239,"[1751424540.604424, 1751424540.7536995, 1751424540.7542171, 1751424540.8197227, 1751424540.882497, 1751424540.9459763, 1751424541.0111148, 1751424541.0738008, 1751424541.1375895, 1751424541.2045622, 1751424541.2722921, 1751424541.3369195, 1751424541.4062152, 1751424541.4755077, 1751424541.541999, 1751424541.6091666, 1751424541.6786633, 1751424541.742486, 1751424541.8096845, 1751424541.873141, 1751424541.9373286, 1751424542.0026603, 1751424542.0711336, 1751424542.1356528, 1751424542.205069, 1751424542.2738938, 1751424542.3376737, 1751424542.406003, 1751424542.472854, 1751424542.537373, 1751424542.6059482, 1751424542.6714995, 1751424542.7404823, 1751424542.809598, 1751424542.8749757, 1751424542.9413636, 1751424543.010873, 1751424543.0736995, 1751424543.1442275, 1751424543.2149606, 1751424543.2831564, 1751424543.3510885, 1751424543.4156535, 1751424543.4838514, 1751424543.547696, 1751424543.6147165, 1751424543.6783288, 1751424543.745545, 1751424543.809614, 1751424543.879694, 1751424543.948984, 1751424544.0181203, 1751424544.0829294, 1751424544.1511552, 1751424544.2211773, 1751424544.284552, 1751424544.3523996, 1751424544.417201, 1751424544.4849641, 1751424544.5544112, 1751424544.6202085, 1751424544.686485, 1751424544.7561436, 1751424544.8202999, 1751424544.889434, 1751424544.954363, 1751424545.020649, 1751424545.0891676, 1751424545.1603115, 1751424545.2297442, 1751424545.293102, 1751424545.3609283, 1751424545.427573, 1751424545.4942975, 1751424545.5652227, 1751424545.6351683, 1751424545.705822, 1751424545.775827, 1751424545.8468523, 1751424545.9164946, 1751424545.9866219, 1751424546.057297, 1751424546.1276357, 1751424546.1981697, 1751424546.2690423]"
909,128,781,"[1751424546.5507643, 1751424546.8469813, 1751424546.8476453, 1751424546.913721, 1751424546.9809096, 1751424547.0494926, 1751424547.1141715, 1751424547.1803808, 1751424547.2447925, 1751424547.3109448, 1751424547.3733914, 1751424547.436882, 1751424547.5031745, 1751424547.5668948, 1751424547.6338658, 1751424547.6980793, 1751424547.7654028, 1751424547.8295157, 1751424547.8923898, 1751424547.9598815, 1751424548.0285988, 1751424548.0916646, 1751424548.1582649, 1751424548.2231684, 1751424548.291463, 1751424548.3549173, 1751424548.4192696, 1751424548.4844325, 1751424548.5534956, 1751424548.6170835, 1751424548.68512, 1751424548.7488198, 1751424548.8162222, 1751424548.8799446, 1751424548.943601, 1751424549.009411, 1751424549.072371, 1751424549.1401904, 1751424549.2062495, 1751424549.273383, 1751424549.3426332, 1751424549.4064584, 1751424549.474298, 1751424549.5381758, 1751424549.6066473, 1751424549.671673, 1751424549.7382114, 1751424549.8080025, 1751424549.8716333, 1751424549.9397147, 1751424550.0033436, 1751424550.0713422, 1751424550.1363032, 1751424550.2038016, 1751424550.274218, 1751424550.3448114, 1751424550.415904, 1751424550.485941, 1751424550.5499241, 1751424550.618447, 1751424550.6884255, 1751424550.7583618, 1751424550.8246012, 1751424550.8914807]"
485,66,419,"[1751424551.179397, 1751424551.3674254, 1751424551.3680534, 1751424551.4357843, 1751424551.4990335, 1751424551.5606444, 1751424551.622212, 1751424551.6876183, 1751424551.7522144, 1751424551.81502, 1751424551.8821845, 1751424551.9967136, 1751424552.0621648, 1751424552.1292486, 1751424552.1973755, 1751424552.2673159, 1751424552.332139, 1751424552.398215, 1751424552.4621902, 1751424552.5262766, 1751424552.5925446, 1751424552.6615188, 1751424552.725481, 1751424552.7948148, 1751424552.8646545, 1751424552.9305952, 1751424552.9967582, 1751424553.0660388, 1751424553.130195, 1751424553.1968338, 1751424553.2596762, 1751424553.327467, 1751424553.391335]"
627,164,463,"[1751424553.6668932, 1751424553.8462036, 1751424553.8468218, 1751424553.9140577, 1751424553.977093, 1751424554.038908, 1751424554.0998473, 1751424554.160244, 1751424554.2216637, 1751424554.28796, 1751424554.3508575, 1751424554.4125657, 1751424554.4737096, 1751424554.5386717, 1751424554.6033576, 1751424554.6656363, 1751424554.7289016, 1751424554.796036, 1751424554.8580935, 1751424554.923716, 1751424554.9881063, 1751424555.0559225, 1751424555.121321, 1751424555.1886046, 1751424555.2519293, 1751424555.3169136, 1751424555.3821456, 1751424555.4455945, 1751424555.5126312, 1751424555.5761867, 1751424555.6421022, 1751424555.7059715, 1751424555.7705984, 1751424555.8364506, 1751424555.8994873, 1751424555.9628754, 1751424556.02895, 1751424556.0918016, 1751424556.1548986, 1751424556.225476, 1751424556.2979372, 1751424556.3681362, 1751424556.4378092, 1751424556.5070503, 1751424556.5767891, 1751424556.6468294, 1751424556.710544, 1751424556.7775953, 1751424556.8413913, 1751424556.9088204, 1751424556.9725983, 1751424557.0410402, 1751424557.1112711, 1751424557.1750255, 1751424557.2425194, 1751424557.306435, 1751424557.3756523, 1751424557.446778, 1751424557.5162852, 1751424557.5866506, 1751424557.6525736, 1751424557.719324, 1751424557.789072, 1751424557.8593843, 1751424557.9303217, 1751424558.000781, 1751424558.0715187, 1751424558.141101, 1751424558.2112207, 1751424558.2764647, 1751424558.3433418, 1751424558.4076548, 1751424558.47488, 1751424558.542324, 1751424558.607601, 1751424558.6754303, 1751424558.7418566, 1751424558.8087723, 1751424558.8782077, 1751424558.946066, 1751424559.0117557, 1751424559.0802674]"
591,190,401,"[1751424559.3661385, 1751424559.5530097, 1751424559.55351, 1751424559.6171908, 1751424559.6788495, 1751424559.7393334, 1751424559.8004034, 1751424559.8616097, 1751424559.922836, 1751424559.9886873, 1751424560.051701, 1751424560.1132913, 1751424560.1735659, 1751424560.2345333, 1751424560.2953153, 1751424560.356109, 1751424560.4181833, 1751424560.4864092, 1751424560.557153, 1751424560.6198168, 1751424560.686066, 1751424560.7495492, 1751424560.8154402, 1751424560.8801324, 1751424560.9472132, 1751424561.0115876, 1751424561.079387, 1751424561.1441493, 1751424561.2109604, 1751424561.2797632, 1751424561.34614, 1751424561.414144, 1751424561.4776778, 1751424561.5443888, 1751424561.6090372, 1751424561.6766903, 1751424561.7400641, 1751424561.8082523, 1751424561.8725836, 1751424561.940717, 1751424562.0042155, 1751424562.072599, 1751424562.1374843, 1751424562.2046878, 1751424562.3142476, 1751424562.3793004, 1751424562.4472783, 1751424562.516448, 1751424562.5814457, 1751424562.6484168, 1751424562.7141497, 1751424562.7832072, 1751424562.8526134, 1751424562.9220557, 1751424562.9934046, 1751424563.0629964, 1751424563.1338406, 1751424563.2039824, 1751424563.2738502, 1751424563.3389087, 1751424563.4059956, 1751424563.4752004, 1751424563.5396385, 1751424563.607601, 1751424563.676803, 1751424563.7405999, 1751424563.809006, 1751424563.8765812, 1751424563.942061, 1751424564.0111587, 1751424564.0782473, 1751424564.1450756, 1751424564.2139826, 1751424564.2838151, 1751424564.349167, 1751424564.417407, 1751424564.4873052, 1751424564.5576823, 1751424564.6261573, 1751424564.69186, 1751424564.7611523, 1751424564.8313649, 1751424564.9011853, 1751424564.9692006, 1751424565.035155, 1751424565.104844, 1751424565.174847, 1751424565.2455099, 1751424565.3164082, 1751424565.3859386, 1751424565.4540527, 1751424565.5208044, 1751424565.589627, 1751424565.6603324, 1751424565.7313328]"
583,164,419,"[1751424566.0237236, 1751424566.2141843, 1751424566.2147598, 1751424566.2818873, 1751424566.3499773, 1751424566.41423, 1751424566.4820168, 1751424566.5472114, 1751424566.6143348, 1751424566.678859, 1751424566.745909, 1751424566.814226, 1751424566.8773587, 1751424566.9400249, 1751424567.0062435, 1751424567.0696213, 1751424567.133721, 1751424567.1984005, 1751424567.262044, 1751424567.3255057, 1751424567.3917043, 1751424567.4549623, 1751424567.5173137, 1751424567.5834343, 1751424567.6471522, 1751424567.7088299, 1751424567.776132, 1751424567.839827, 1751424567.9076319, 1751424567.9727447, 1751424568.0393076, 1751424568.1046617, 1751424568.173383, 1751424568.2429416, 1751424568.314544, 1751424568.379197, 1751424568.4427428, 1751424568.5098548, 1751424568.5777678, 1751424568.6473746, 1751424568.717769, 1751424568.7804892, 1751424568.8481755, 1751424568.9115188, 1751424568.979347, 1751424569.0417285, 1751424569.1083887, 1751424569.172412, 1751424569.2362685, 1751424569.3033178, 1751424569.3670106, 1751424569.436473, 1751424569.502573, 1751424569.5686562, 1751424569.6358612, 1751424569.7034976, 1751424569.7704039, 1751424569.8372722, 1751424569.901575, 1751424569.967744, 1751424570.0328104, 1751424570.1003292, 1751424570.1653998, 1751424570.2324805, 1751424570.3021884, 1751424570.368455, 1751424570.4371932, 1751424570.504817, 1751424570.5752583, 1751424570.6453238, 1751424570.7115777, 1751424570.7782555, 1751424570.8477092, 1751424570.9117866, 1751424570.9759283, 1751424571.0418873, 1751424571.1112792, 1751424571.1812267, 1751424571.2512136, 1751424571.318987, 1751424571.3855805, 1751424571.4541364]"
575,46,529,"[1751424571.7351599, 1751424571.9425642, 1751424571.9431841, 1751424572.0107758, 1751424572.073819, 1751424572.136798, 1751424572.202762, 1751424572.2657614, 1751424572.3274372, 1751424572.3884652, 1751424572.449957, 1751424572.513079, 1751424572.5785007, 1751424572.6409073, 1751424572.704414, 1751424572.7859373, 1751424572.85407, 1751424572.9232607, 1751424572.9909725, 1751424573.055732, 1751424573.120833, 1751424573.1895342, 1751424573.2564473]"
351,86,265,"[1751424573.5384862, 1751424573.6930807, 1751424573.6937194, 1751424573.7620792, 1751424573.8272562, 1751424573.8935544, 1751424573.9557958, 1751424574.016678, 1751424574.0770571, 1751424574.1386526, 1751424574.2005882, 1751424574.2667518, 1751424574.3297064, 1751424574.392142, 1751424574.459156, 1751424574.521881, 1751424574.5827065, 1751424574.6452808, 1751424574.7116718, 1751424574.7749872, 1751424574.8385122, 1751424574.9040184, 1751424574.9665458, 1751424575.0292888, 1751424575.0955822, 1751424575.159889, 1751424575.2271752, 1751424575.2904794, 1751424575.355995, 1751424575.4187202, 1751424575.48366, 1751424575.551702, 1751424575.615407, 1751424575.6835942, 1751424575.7477653, 1751424575.8148715, 1751424575.878602, 1751424575.947032, 1751424576.0113904, 1751424576.0788739, 1751424576.142019, 1751424576.2057416, 1751424576.2728937]"
493,148,345,"[1751424576.555885, 1751424576.7105632, 1751424576.7110653, 1751424576.778128, 1751424576.8416219, 1751424576.907846, 1751424576.9709458, 1751424577.0333133, 1751424577.0953212, 1751424577.1614788, 1751424577.2251456, 1751424577.2923849, 1751424577.355866, 1751424577.4206378, 1751424577.4852402, 1751424577.5508401, 1751424577.6161718, 1751424577.6803427, 1751424577.7465706, 1751424577.811991, 1751424577.8809688, 1751424577.9494865, 1751424578.0138392, 1751424578.0804877, 1751424578.1437292, 1751424578.2109368, 1751424578.27516, 1751424578.3425796, 1751424578.4061484, 1751424578.4697742, 1751424578.5359073, 1751424578.598463, 1751424578.6598382, 1751424578.7273684, 1751424578.7912824, 1751424578.860381, 1751424578.9306326, 1751424578.9945998, 1751424579.0619864, 1751424579.1262639, 1751424579.1952088, 1751424579.2644076, 1751424579.3339448, 1751424579.3974855, 1751424579.4654534, 1751424579.5299444, 1751424579.59767, 1751424579.6611655, 1751424579.7252393, 1751424579.791499, 1751424579.860783, 1751424579.9245162, 1751424579.992511, 1751424580.056698, 1751424580.127288, 1751424580.1963508, 1751424580.265633, 1751424580.3288765, 1751424580.3973238, 1751424580.4624732, 1751424580.5300312, 1751424580.600095, 1751424580.6649497, 1751424580.7321577, 1751424580.7955832, 1751424580.8636966, 1751424580.9288175, 1751424580.996911, 1751424581.067284, 1751424581.1366026, 1751424581.2017527, 1751424581.2689958, 1751424581.3339684, 1751424581.400045]"
719,178,541,"[1751424581.6706219, 1751424581.8786566, 1751424581.879263, 1751424581.9433067, 1751424582.0082011, 1751424582.0714533, 1751424582.133528, 1751424582.1956236, 1751424582.2614124, 1751424582.3238556, 1751424582.3872578, 1751424582.4538987, 1751424582.5178573, 1751424582.5850637, 1751424582.6495957, 1751424582.7139277, 1751424582.7812374, 1751424582.8505604, 1751424582.9137697, 1751424582.982198, 1751424583.0468357, 1751424583.13923, 1751424583.2047923, 1751424583.2702606, 1751424583.3350823, 1751424583.3985808, 1751424583.4615407, 1751424583.5271156, 1751424583.596585, 1751424583.6590424, 1751424583.720979, 1751424583.7875652, 1751424583.851278, 1751424583.9187574, 1751424583.9821572, 1751424584.0468175, 1751424584.1135757, 1751424584.1819198, 1751424584.2468848, 1751424584.313403, 1751424584.3783429, 1751424584.444937, 1751424584.5078037, 1751424584.5765576, 1751424584.6456616, 1751424584.7086835, 1751424584.7763848, 1751424584.8417912, 1751424584.91192, 1751424584.9794457, 1751424585.0487552, 1751424585.1124263, 1751424585.1803737, 1751424585.244569, 1751424585.3103375, 1751424585.3756096, 1751424585.444041, 1751424585.5086174, 1751424585.5753288, 1751424585.6415782, 1751424585.7071636, 1751424585.7734423, 1751424585.838908, 1751424585.9084501, 1751424585.9729698, 1751424586.040032, 1751424586.1033804, 1751424586.1709757, 1751424586.2366292, 1751424586.303568, 1751424586.3737714, 1751424586.4437203, 1751424586.5090137, 1751424586.5761867, 1751424586.6462953, 1751424586.711323, 1751424586.778482, 1751424586.847882, 1751424586.9130583, 1751424586.981122, 1751424587.0514565, 1751424587.118762, 1751424587.184621, 1751424587.2534213, 1751424587.3190844, 1751424587.3867772, 1751424587.4569433, 1751424587.5276053, 1751424587.595672]"
781,124,657,"[1751424587.8872352, 1751424588.154166, 1751424588.154798, 1751424588.2189624, 1751424588.281454, 1751424588.341844, 1751424588.4026315, 1751424588.464198, 1751424588.5253642, 1751424588.5894434, 1751424588.6538115, 1751424588.715382, 1751424588.7766752, 1751424588.8379612, 1751424588.8993032, 1751424588.960807, 1751424589.0264554, 1751424589.0902913, 1751424589.1539915, 1751424589.2200174, 1751424589.2831485, 1751424589.3469296, 1751424589.4136596, 1751424589.476677, 1751424589.5394664, 1751424589.607068, 1751424589.670853, 1751424589.7379851, 1751424589.801145, 1751424589.869751, 1751424589.9331205, 1751424590.0014143, 1751424590.0644088, 1751424590.131618, 1751424590.1951659, 1751424590.258236, 1751424590.3246913, 1751424590.3872664, 1751424590.4501429, 1751424590.5170856, 1751424590.5810804, 1751424590.6477942, 1751424590.7113454, 1751424590.7779458, 1751424590.8423228, 1751424590.9110756, 1751424590.974381, 1751424591.0421748, 1751424591.1061661, 1751424591.1738272, 1751424591.2381558, 1751424591.3060334, 1751424591.369041, 1751424591.4371576, 1751424591.5007985, 1751424591.5687494, 1751424591.6326458, 1751424591.700128, 1751424591.764298, 1751424591.8327212, 1751424591.8961117, 1751424591.9644208]"
525,156,369,"[1751424592.2411125, 1751424592.3960898, 1751424592.3966272, 1751424592.4634585, 1751424592.5252645, 1751424592.5877707, 1751424592.6537259, 1751424592.718759, 1751424592.7872887, 1751424592.855933, 1751424592.9186242, 1751424592.9799705, 1751424593.0398352, 1751424593.1005685, 1751424593.161417, 1751424593.2223716, 1751424593.2834888, 1751424593.3445146, 1751424593.4065464, 1751424593.471712, 1751424593.5352407, 1751424593.6271784, 1751424593.7111769, 1751424593.7788599, 1751424593.8418672, 1751424593.9072702, 1751424593.9712708, 1751424594.0363271, 1751424594.101492, 1751424594.165188, 1751424594.2322803, 1751424594.294642, 1751424594.3580165, 1751424594.4239311, 1751424594.486321, 1751424594.5493522, 1751424594.6152813, 1751424594.6788588, 1751424594.7423346, 1751424594.811483, 1751424594.879388, 1751424594.946023, 1751424595.0124655, 1751424595.083109, 1751424595.1523798, 1751424595.2180567, 1751424595.2854664, 1751424595.353245, 1751424595.420687, 1751424595.4883366, 1751424595.5549316, 1751424595.620141, 1751424595.6872935, 1751424595.7528512, 1751424595.8225694, 1751424595.8930378, 1751424595.9586787, 1751424596.0285547, 1751424596.0966973, 1751424596.1673753, 1751424596.2380264, 1751424596.3088906, 1751424596.3800042, 1751424596.4509625, 1751424596.5220728, 1751424596.59301, 1751424596.6637475, 1751424596.7327223, 1751424596.8031187, 1751424596.8722694, 1751424596.93683, 1751424597.0044687, 1751424597.0714, 1751424597.1387796, 1751424597.2071064, 1751424597.2767975, 1751424597.3409426, 1751424597.4087033]"
813,208,605,"[1751424597.6899364, 1751424597.9085078, 1751424597.9091432, 1751424597.9782717, 1751424598.0413952, 1751424598.1065667, 1751424598.1706674, 1751424598.2354684, 1751424598.301484, 1751424598.3653991, 1751424598.42731, 1751424598.4934947, 1751424598.5570023, 1751424598.6237228, 1751424598.6873126, 1751424598.7545424, 1751424598.8189182, 1751424598.8856032, 1751424598.9480608, 1751424599.0119097, 1751424599.0740986, 1751424599.1364548, 1751424599.2004223, 1751424599.2639213, 1751424599.3299384, 1751424599.3928974, 1751424599.4542294, 1751424599.5165684, 1751424599.5835776, 1751424599.6463792, 1751424599.7085176, 1751424599.7753477, 1751424599.8387794, 1751424599.9022927, 1751424599.968322, 1751424600.0314436, 1751424600.0999122, 1751424600.162601, 1751424600.231209, 1751424600.2969506, 1751424600.364152, 1751424600.4294739, 1751424600.4967737, 1751424600.5664434, 1751424600.6378906, 1751424600.7071645, 1751424600.7784266, 1751424600.8487444, 1751424600.9117754, 1751424600.9798305, 1751424601.0439353, 1751424601.1112661, 1751424601.180778, 1751424601.2455697, 1751424601.3131526, 1751424601.382839, 1751424601.446908, 1751424601.5147243, 1751424601.5778875, 1751424601.6460812, 1751424601.7104034, 1751424601.7783208, 1751424601.852416, 1751424601.921177, 1751424601.9902253, 1751424602.060044, 1751424602.1262586, 1751424602.1925554, 1751424602.263071, 1751424602.3326967, 1751424602.4027686, 1751424602.4716916, 1751424602.5366886, 1751424602.6046095, 1751424602.6689272, 1751424602.7377775, 1751424602.8090184, 1751424602.879444, 1751424602.949338, 1751424603.0192983, 1751424603.0888684, 1751424603.1583824, 1751424603.2247396, 1751424603.29209, 1751424603.3627748, 1751424603.432721, 1751424603.50014, 1751424603.567333, 1751424603.6373003, 1751424603.7071965, 1751424603.7719955, 1751424603.8426867, 1751424603.9163387, 1751424603.9870298, 1751424604.0555973, 1751424604.1254458, 1751424604.195865, 1751424604.2655897, 1751424604.335781, 1751424604.4068773, 1751424604.4773095, 1751424604.5472102, 1751424604.617336, 1751424604.6881394]"
913,316,597,"[1751424604.9670918, 1751424605.1891289, 1751424605.1896982, 1751424605.2559724, 1751424605.318696, 1751424605.3795602, 1751424605.4417162, 1751424605.5061095, 1751424605.5703945, 1751424605.6336546, 1751424605.696149, 1751424605.7613533, 1751424605.8246856, 1751424605.8892376, 1751424605.9542038, 1751424606.0218482, 1751424606.0856504, 1751424606.152562, 1751424606.2170599, 1751424606.2842336, 1751424606.347817, 1751424606.4230967, 1751424606.5108256, 1751424606.5794716, 1751424606.645268, 1751424606.7111642, 1751424606.7752838, 1751424606.8418643, 1751424606.9050977, 1751424606.9724789, 1751424607.035681, 1751424607.1038442, 1751424607.1678221, 1751424607.2358716, 1751424607.3008401, 1751424607.3686879, 1751424607.438378, 1751424607.5019774, 1751424607.5672848, 1751424607.6341593, 1751424607.702161, 1751424607.7655468, 1751424607.8345344, 1751424607.9005039, 1751424607.9674547, 1751424608.0369437, 1751424608.1065416, 1751424608.1700747, 1751424608.2385654, 1751424608.3033252, 1751424608.3706515, 1751424608.4401352, 1751424608.5044756, 1751424608.5722485, 1751424608.6358697, 1751424608.7033749, 1751424608.767682, 1751424608.8370883, 1751424608.9100323, 1751424608.981109, 1751424609.0502348, 1751424609.120025, 1751424609.1897447, 1751424609.259861, 1751424609.3261392, 1751424609.3932097, 1751424609.4634836, 1751424609.533171, 1751424609.5988622, 1751424609.6657124, 1751424609.7353837, 1751424609.801994, 1751424609.86822, 1751424609.937565, 1751424610.0067189, 1751424610.0714798, 1751424610.1403987, 1751424610.21061, 1751424610.275218, 1751424610.3432937, 1751424610.413914, 1751424610.484297, 1751424610.5544312, 1751424610.621258, 1751424610.6884823, 1751424610.758085, 1751424610.8286881, 1751424610.8988895, 1751424610.9693258, 1751424611.040283, 1751424611.1112185, 1751424611.1827016, 1751424611.2547112, 1751424611.3268127, 1751424611.396087, 1751424611.4666193, 1751424611.537712, 1751424611.6083689, 1751424611.6785693, 1751424611.748908, 1751424611.8202066, 1751424611.8912654, 1751424611.9614127, 1751424612.032038, 1751424612.1030297, 1751424612.174792, 1751424612.2459574, 1751424612.3154216, 1751424612.3870711, 1751424612.458481, 1751424612.5289574, 1751424612.5996695, 1751424612.6714642, 1751424612.7402198, 1751424612.8131979, 1751424612.8857615, 1751424612.955132, 1751424613.026577, 1751424613.0956943, 1751424613.1709898, 1751424613.2407916, 1751424613.3096814, 1751424613.3797061, 1751424613.4501731, 1751424613.5213444, 1751424613.5917163, 1751424613.662032, 1751424613.7331486, 1751424613.80337, 1751424613.874229, 1751424613.9453225, 1751424614.017117, 1751424614.0885417, 1751424614.1582139, 1751424614.2275198, 1751424614.297809, 1751424614.368412, 1751424614.4393482, 1751424614.510077, 1751424614.5809402, 1751424614.6511989, 1751424614.7221715, 1751424614.7921083, 1751424614.8621855, 1751424614.9348178, 1751424615.0061865, 1751424615.0761528, 1751424615.1469455, 1751424615.2183557, 1751424615.2894213, 1751424615.360159, 1751424615.4309213, 1751424615.500932, 1751424615.5714629, 1751424615.6430924, 1751424615.7133648, 1751424615.7832856, 1751424615.8548038]"
479,168,311,"[1751424616.1477697, 1751424616.3060436, 1751424616.3065407, 1751424616.369566, 1751424616.4318986, 1751424616.4930356, 1751424616.5559418, 1751424616.622862, 1751424616.6872559, 1751424616.7543895, 1751424616.8171363, 1751424616.8782935, 1751424616.9392369, 1751424616.9997811, 1751424617.0608544, 1751424617.1237495, 1751424617.1893954, 1751424617.2527664, 1751424617.3152647, 1751424617.3812501, 1751424617.4445703, 1751424617.5088382, 1751424617.574083, 1751424617.6362965, 1751424617.6979234, 1751424617.7655516, 1751424617.8309972, 1751424617.8978744, 1751424617.9629128, 1751424618.0285664, 1751424618.0929272, 1751424618.1594214, 1751424618.223014, 1751424618.29049, 1751424618.353804, 1751424618.4153202, 1751424618.482157, 1751424618.5452323, 1751424618.6082566, 1751424618.6748264, 1751424618.737793, 1751424618.8043208, 1751424618.8692837, 1751424618.937366, 1751424619.001489, 1751424619.0694973, 1751424619.1330943, 1751424619.2008796, 1751424619.2719185, 1751424619.3353014, 1751424619.4037256, 1751424619.4671333, 1751424619.5352814, 1751424619.5991702, 1751424619.6670365, 1751424619.7306883, 1751424619.7987595, 1751424619.8624194, 1751424619.9308386, 1751424619.9941616, 1751424620.0625577, 1751424620.1265624, 1751424620.19409, 1751424620.2587705, 1751424620.32728, 1751424620.3922758, 1751424620.4593582, 1751424620.5289524, 1751424620.5948665, 1751424620.6622882, 1751424620.7321134, 1751424620.7999523, 1751424620.8652568, 1751424620.9336557, 1751424620.9986055, 1751424621.066027, 1751424621.1349876, 1751424621.1998196, 1751424621.2688038, 1751424621.3390763, 1751424621.4090455, 1751424621.4786642, 1751424621.543434, 1751424621.6113293]"
1687,774,913,"[1751424621.8915415, 1751424622.2445643, 1751424622.2452257, 1751424622.3111854, 1751424622.3775463, 1751424622.4438007, 1751424622.5077834, 1751424622.5736606, 1751424622.6380403, 1751424622.7037942, 1751424622.768775, 1751424622.8363008, 1751424622.899369, 1751424622.9615703, 1751424623.0269008, 1751424623.0895653, 1751424623.1509156, 1751424623.21441, 1751424623.280086, 1751424623.3425405, 1751424623.4035213, 1751424623.4710705, 1751424623.5349455, 1751424623.5991042, 1751424623.6656468, 1751424623.7294543, 1751424623.7956433, 1751424623.8586526, 1751424623.9199026, 1751424623.9872446, 1751424624.0509036, 1751424624.1181858, 1751424624.1836045, 1751424624.2511835, 1751424624.3144596, 1751424624.3820403, 1751424624.4448748, 1751424624.5130196, 1751424624.5763366, 1751424624.6444511, 1751424624.7571685, 1751424624.8270922, 1751424624.892207, 1751424624.9593277, 1751424625.0268593, 1751424625.0919633, 1751424625.160154, 1751424625.2240272, 1751424625.2921338, 1751424625.3553317, 1751424625.423594, 1751424625.4871836, 1751424625.5516093, 1751424625.6189373, 1751424625.6877785, 1751424625.758452, 1751424625.8287017, 1751424625.8962286, 1751424625.964536, 1751424626.0342293, 1751424626.1026292, 1751424626.1726182, 1751424626.242029, 1751424626.3095903, 1751424626.378302, 1751424626.4478343, 1751424626.5180895, 1751424626.5888963, 1751424626.660469, 1751424626.7318974, 1751424626.80289, 1751424626.8716319, 1751424626.9417553, 1751424627.0117986, 1751424627.082026, 1751424627.1515481, 1751424627.2173512, 1751424627.2865129, 1751424627.3581717, 1751424627.428156, 1751424627.4999187, 1751424627.5710468, 1751424627.643283, 1751424627.712867, 1751424627.7814744, 1751424627.8524241, 1751424627.92539, 1751424627.9944222, 1751424628.0649822, 1751424628.1362844, 1751424628.2078905, 1751424628.2785444, 1751424628.3496695, 1751424628.4216835, 1751424628.4924617, 1751424628.5617013, 1751424628.6334996, 1751424628.7042801, 1751424628.7731755, 1751424628.8432133, 1751424628.9136436, 1751424628.984723, 1751424629.0556715, 1751424629.1324084, 1751424629.202769, 1751424629.2721267, 1751424629.340922, 1751424629.4110968, 1751424629.4814343, 1751424629.5530133, 1751424629.623737, 1751424629.6945925, 1751424629.7666738, 1751424629.8372426, 1751424629.9072542, 1751424629.9777424, 1751424630.0486646, 1751424630.1201568, 1751424630.190318, 1751424630.2606418, 1751424630.3318613, 1751424630.4030383, 1751424630.47376, 1751424630.5445821, 1751424630.6148894, 1751424630.68687, 1751424630.7572603, 1751424630.8271296, 1751424630.8955789, 1751424630.9655375, 1751424631.0383265, 1751424631.1106217, 1751424631.1803248, 1751424631.2512062, 1751424631.3227797, 1751424631.3935466, 1751424631.4639409, 1751424631.5345926, 1751424631.6050992, 1751424631.6776905, 1751424631.7556598, 1751424631.8282475, 1751424631.899458, 1751424631.9723322, 1751424632.0442626, 1751424632.1192067, 1751424632.1914017, 1751424632.2639248, 1751424632.3338966, 1751424632.4051523, 1751424632.4763381, 1751424632.5474617, 1751424632.617982, 1751424632.6921613, 1751424632.7637305, 1751424632.8395348, 1751424632.915721, 1751424632.991895, 1751424633.0645685, 1751424633.1433275, 1751424633.2202597, 1751424633.29436, 1751424633.3690693, 1751424633.4440866, 1751424633.5171843, 1751424633.5913706, 1751424633.6664727, 1751424633.739044, 1751424633.8113017, 1751424633.8853269, 1751424633.9606402, 1751424634.0340328, 1751424634.1077387, 1751424634.1829705, 1751424634.2556367, 1751424634.3289106, 1751424634.4063792, 1751424634.4858294, 1751424634.5593638, 1751424634.6370215, 1751424634.7115312, 1751424634.7895803, 1751424634.86233, 1751424634.936534, 1751424635.012986, 1751424635.0897617, 1751424635.1661282, 1751424635.2454705, 1751424635.319086, 1751424635.3979914, 1751424635.4787247, 1751424635.5593636, 1751424635.6397312, 1751424635.7137592, 1751424635.7911487, 1751424635.864836, 1751424635.9428163, 1751424636.0167148, 1751424636.095228, 1751424636.1720557, 1751424636.2891002, 1751424636.3679712, 1751424636.4438102, 1751424636.520573, 1751424636.6002703, 1751424636.6755028, 1751424636.7531824, 1751424636.8331034, 1751424636.911071, 1751424636.9878259, 1751424637.066616, 1751424637.146253, 1751424637.2251518, 1751424637.3022351, 1751424637.3799102, 1751424637.4601152, 1751424637.5402873, 1751424637.6208282, 1751424637.7009325, 1751424637.7783082, 1751424637.8557343, 1751424637.9360402, 1751424638.0133536, 1751424638.0932593, 1751424638.171964, 1751424638.2491698, 1751424638.3290787, 1751424638.4105728, 1751424638.4904797, 1751424638.5704477, 1751424638.6506245, 1751424638.7312334, 1751424638.8123932, 1751424638.893891, 1751424638.9770942, 1751424639.0582924, 1751424639.1401815, 1751424639.2192006, 1751424639.298613, 1751424639.379581, 1751424639.4607089, 1751424639.541403, 1751424639.6218634, 1751424639.702588, 1751424639.7833343, 1751424639.8642023, 1751424639.9456084, 1751424640.0266964, 1751424640.1075625, 1751424640.1883307, 1751424640.2696445, 1751424640.350434, 1751424640.4312842, 1751424640.5127637, 1751424640.5948815, 1751424640.6764576, 1751424640.7563632, 1751424640.8383849, 1751424640.9196157, 1751424641.0000033, 1751424641.0806327, 1751424641.1618354, 1751424641.2435648, 1751424641.3241184, 1751424641.404514, 1751424641.485623, 1751424641.5679016, 1751424641.6483371, 1751424641.728741, 1751424641.810181, 1751424641.8908296, 1751424641.9714947, 1751424642.0527, 1751424642.135197, 1751424642.2150254, 1751424642.2953062, 1751424642.3782828, 1751424642.467313, 1751424642.5508823, 1751424642.6375082, 1751424642.721727, 1751424642.8064842, 1751424642.8914323, 1751424642.9745827, 1751424643.0611749, 1751424643.1460574, 1751424643.22873, 1751424643.3147774, 1751424643.3980308, 1751424643.4806185, 1751424643.564325, 1751424643.649576, 1751424643.7351813, 1751424643.8206615, 1751424643.9040537, 1751424643.988725, 1751424644.0720613, 1751424644.1568754, 1751424644.2419136, 1751424644.3279212, 1751424644.4103365, 1751424644.4932325, 1751424644.5797293, 1751424644.6629217, 1751424644.7460728, 1751424644.835265, 1751424644.9185336, 1751424645.0053883, 1751424645.088055, 1751424645.1714542, 1751424645.2581317, 1751424645.3473477, 1751424645.431874, 1751424645.5201745, 1751424645.6055157, 1751424645.693533, 1751424645.7774096, 1751424645.8638859, 1751424645.9473662, 1751424646.0353172, 1751424646.1187487, 1751424646.206503, 1751424646.29033, 1751424646.378739, 1751424646.4625525, 1751424646.550576, 1751424646.6352592, 1751424646.7236364, 1751424646.807522, 1751424646.8942575, 1751424646.9823472, 1751424647.072473, 1751424647.1634767, 1751424647.2542858, 1751424647.3458295, 1751424647.4367237, 1751424647.5272982, 1751424647.6185586, 1751424647.7095668, 1751424647.8015118, 1751424647.8883731, 1751424647.979659, 1751424648.0715485, 1751424648.1625743, 1751424648.2538571, 1751424648.3450341, 1751424648.4364803, 1751424648.5270402, 1751424648.6185997, 1751424648.70914, 1751424648.8017418, 1751424648.8931556, 1751424648.9844992, 1751424649.075342, 1751424649.166473, 1751424649.2559865, 1751424649.3461406, 1751424649.4372597, 1751424649.5284839, 1751424649.6205776, 1751424649.711411, 1751424649.8012009, 1751424649.900597, 1751424649.992839, 1751424650.0846126, 1751424650.1747832, 1751424650.2654562, 1751424650.3562973, 1751424650.4467487, 1751424650.5384455, 1751424650.631922, 1751424650.7225132, 1751424650.8133643, 1751424650.9041798, 1751424650.9942827, 1751424651.085028, 1751424651.176382, 1751424651.2674453, 1751424651.3567197, 1751424651.446683, 1751424651.5386145, 1751424651.6290753, 1751424651.7204022, 1751424651.8119638, 1751424651.9031718, 1751424651.9944036, 1751424652.084567]"
797,224,573,"[1751424652.446857, 1751424652.6576004, 1751424652.6582377, 1751424652.722935, 1751424652.7893064, 1751424652.8586369, 1751424652.9242744, 1751424652.9887443, 1751424653.053009, 1751424653.1197636, 1751424653.1836052, 1751424653.2515905, 1751424653.315947, 1751424653.3841062, 1751424653.4495368, 1751424653.5153852, 1751424653.584888, 1751424653.6479244, 1751424653.7106256, 1751424653.7760804, 1751424653.8422563, 1751424653.9103644, 1751424653.9809294, 1751424654.050059, 1751424654.1178925, 1751424654.1828308, 1751424654.247565, 1751424654.3144903, 1751424654.3841355, 1751424654.4550447, 1751424654.522183, 1751424654.5889966, 1751424654.656921, 1751424654.7211757, 1751424654.78989, 1751424654.8593063, 1751424654.9258845, 1751424654.9918835, 1751424655.061925, 1751424655.1260343, 1751424655.1949818, 1751424655.265541, 1751424655.3319678, 1751424655.3979077, 1751424655.467618, 1751424655.5378044, 1751424655.6082885, 1751424655.679097, 1751424655.7448661, 1751424655.8541143, 1751424655.923734, 1751424655.9968657, 1751424656.067418, 1751424656.1365159, 1751424656.206826, 1751424656.276481, 1751424656.347628, 1751424656.414723, 1751424656.4817064, 1751424656.549786, 1751424656.6186352, 1751424656.6885686, 1751424656.753914, 1751424656.8208425, 1751424656.8907971, 1751424656.9548733, 1751424657.02296, 1751424657.0886672, 1751424657.1571038, 1751424657.2269285, 1751424657.2968533, 1751424657.3622408, 1751424657.4299881, 1751424657.4997447, 1751424657.5696335, 1751424657.6351461, 1751424657.7023487, 1751424657.7723746, 1751424657.8425705, 1751424657.9137754, 1751424657.985399, 1751424658.0552874, 1751424658.1262124, 1751424658.1972106, 1751424658.2679808, 1751424658.3385346, 1751424658.4095907, 1751424658.48178, 1751424658.5511599, 1751424658.6213315, 1751424658.6910203, 1751424658.7619884, 1751424658.8324223, 1751424658.903025, 1751424658.9732907, 1751424659.0390072, 1751424659.1066527, 1751424659.173283, 1751424659.238747, 1751424659.3068893, 1751424659.377208, 1751424659.4475057, 1751424659.5191271, 1751424659.591391, 1751424659.6634486, 1751424659.7342517, 1751424659.8055472, 1751424659.8762789, 1751424659.9450114, 1751424660.0153766, 1751424660.0873177, 1751424660.1571503]"
367,164,203,"[1751424660.4526687, 1751424660.563967, 1751424660.564473, 1751424660.6303196, 1751424660.694453, 1751424660.7619758, 1751424660.8280492, 1751424660.8921685, 1751424660.954958, 1751424661.0358717, 1751424661.1039748, 1751424661.1669745, 1751424661.229123, 1751424661.2947924, 1751424661.3581154, 1751424661.4210505, 1751424661.4877074, 1751424661.5505939, 1751424661.612339, 1751424661.6778657, 1751424661.740502, 1751424661.8048418, 1751424661.8694623, 1751424661.9348514, 1751424661.9981704, 1751424662.0654495, 1751424662.1290498, 1751424662.1967156, 1751424662.2605426, 1751424662.3230476, 1751424662.3884513, 1751424662.45251, 1751424662.5199602, 1751424662.5836792, 1751424662.6518817, 1751424662.7153933, 1751424662.7844162, 1751424662.8526933, 1751424662.917693, 1751424662.9854124, 1751424663.0485108, 1751424663.1191528, 1751424663.1912308, 1751424663.2588403, 1751424663.3284335, 1751424663.3909442, 1751424663.4561336, 1751424663.5219815, 1751424663.5916066, 1751424663.6548138, 1751424663.722936, 1751424663.787634, 1751424663.8537066, 1751424663.9171948, 1751424663.9853132, 1751424664.0484328, 1751424664.1167383, 1751424664.1811507, 1751424664.2487786, 1751424664.3181973, 1751424664.3830764, 1751424664.4503279, 1751424664.5198755, 1751424664.5863087, 1751424664.6530879, 1751424664.7234828, 1751424664.7939773, 1751424664.8601623, 1751424664.9302008, 1751424664.9998286, 1751424665.0693433, 1751424665.140608, 1751424665.2103305, 1751424665.2802563, 1751424665.3501227, 1751424665.4200916, 1751424665.486395, 1751424665.5536258, 1751424665.6237998, 1751424665.693463, 1751424665.7596905, 1751424665.8281329]"
529,154,375,"[1751424666.1168058, 1751424666.2741745, 1751424666.274721, 1751424666.344952, 1751424666.406091, 1751424666.4719384, 1751424666.5349822, 1751424666.596829, 1751424666.6575067, 1751424666.7193396, 1751424666.785841, 1751424666.8481824, 1751424666.9103377, 1751424666.973964, 1751424667.0399072, 1751424667.10523, 1751424667.1707923, 1751424667.232933, 1751424667.2958052, 1751424667.3609462, 1751424667.4257991, 1751424667.4935317, 1751424667.556781, 1751424667.6213348, 1751424667.686774, 1751424667.7491035, 1751424667.810907, 1751424667.8731518, 1751424667.9410853, 1751424668.016335, 1751424668.1126416, 1751424668.1758316, 1751424668.2432063, 1751424668.306441, 1751424668.3719306, 1751424668.4362216, 1751424668.4990287, 1751424668.5662432, 1751424668.6302526, 1751424668.697896, 1751424668.761644, 1751424668.8287947, 1751424668.8913422, 1751424668.9528124, 1751424669.0199482, 1751424669.0831573, 1751424669.1507502, 1751424669.2147486, 1751424669.282082, 1751424669.3454783, 1751424669.4138923, 1751424669.4766793, 1751424669.545022, 1751424669.6088574, 1751424669.6764927, 1751424669.7401152, 1751424669.8080156, 1751424669.8721673, 1751424669.939768, 1751424670.0025225, 1751424670.0708637, 1751424670.1341496, 1751424670.2046382, 1751424670.2752123, 1751424670.347175, 1751424670.416612, 1751424670.4880552, 1751424670.5585487, 1751424670.62876, 1751424670.6986983, 1751424670.7686048, 1751424670.83791, 1751424670.9030623, 1751424670.9715753, 1751424671.041013, 1751424671.1058261, 1751424671.1744428]"
459,66,393,"[1751424671.4514017, 1751424671.6392581, 1751424671.6398787, 1751424671.703763, 1751424671.7692695, 1751424671.8318255, 1751424671.8935313, 1751424671.954068, 1751424672.0144472, 1751424672.076836, 1751424672.1388643, 1751424672.204908, 1751424672.2675936, 1751424672.3295336, 1751424672.3939023, 1751424672.4592323, 1751424672.5216224, 1751424672.584843, 1751424672.6506264, 1751424672.7133672, 1751424672.7770503, 1751424672.8443873, 1751424672.9137099, 1751424672.9766722, 1751424673.0398395, 1751424673.1062987, 1751424673.170051, 1751424673.2368662, 1751424673.3001397, 1751424673.3670757, 1751424673.4302125, 1751424673.4944007, 1751424673.5602129]"
543,128,415,"[1751424673.8375654, 1751424674.0238523, 1751424674.024378, 1751424674.086701, 1751424674.1489344, 1751424674.209553, 1751424674.2702181, 1751424674.3305774, 1751424674.3917077, 1751424674.4526117, 1751424674.5136266, 1751424674.575516, 1751424674.6417184, 1751424674.7051346, 1751424674.7692063, 1751424674.8343947, 1751424674.89937, 1751424674.9672184, 1751424675.0308044, 1751424675.0965524, 1751424675.1594427, 1751424675.222031, 1751424675.288016, 1751424675.3519776, 1751424675.4200268, 1751424675.4832091, 1751424675.545477, 1751424675.6128447, 1751424675.679742, 1751424675.7461596, 1751424675.8173223, 1751424675.886637, 1751424675.9572651, 1751424676.0265467, 1751424676.0902457, 1751424676.1576633, 1751424676.221174, 1751424676.2884295, 1751424676.3523502, 1751424676.4226768, 1751424676.4952936, 1751424676.5676386, 1751424676.635004, 1751424676.704802, 1751424676.7696419, 1751424676.8368182, 1751424676.906166, 1751424676.970143, 1751424677.0385528, 1751424677.1017652, 1751424677.1695514, 1751424677.232973, 1751424677.3020265, 1751424677.3717287, 1751424677.435929, 1751424677.5028775, 1751424677.5671854, 1751424677.634275, 1751424677.701355, 1751424677.7674613, 1751424677.8338838, 1751424677.899618, 1751424677.969464, 1751424678.038606]"
385,118,267,"[1751424678.317646, 1751424678.4728432, 1751424678.4734519, 1751424678.5367417, 1751424678.6023798, 1751424678.664609, 1751424678.7268107, 1751424678.7902741, 1751424678.85544, 1751424678.9172442, 1751424678.9793031, 1751424679.041712, 1751424679.107887, 1751424679.169197, 1751424679.2320457, 1751424679.2941275, 1751424679.360358, 1751424679.423361, 1751424679.4844542, 1751424679.547563, 1751424679.6136792, 1751424679.675635, 1751424679.7372518, 1751424679.7986636, 1751424679.8615756, 1751424679.9279366, 1751424679.9924366, 1751424680.0607018, 1751424680.1293101, 1751424680.1930532, 1751424680.2612853, 1751424680.324833, 1751424680.3874826, 1751424680.4547026, 1751424680.5177476, 1751424680.5830557, 1751424680.6480947, 1751424680.7103775, 1751424680.7750454, 1751424680.84042, 1751424680.9038234, 1751424680.9710128, 1751424681.0364063, 1751424681.10347, 1751424681.1733205, 1751424681.237752, 1751424681.3054013, 1751424681.3749979, 1751424681.4379635, 1751424681.5063837, 1751424681.5708303, 1751424681.638175, 1751424681.7036412, 1751424681.76963, 1751424681.834635, 1751424681.9016654, 1751424681.9714737, 1751424682.034785, 1751424682.1034954]"
553,196,357,"[1751424682.3835723, 1751424682.5404603, 1751424682.5410845, 1751424682.6087284, 1751424682.674309, 1751424682.738085, 1751424682.803616, 1751424682.8711326, 1751424682.9341643, 1751424682.9961305, 1751424683.0606625, 1751424683.1250322, 1751424683.1882746, 1751424683.251563, 1751424683.3168662, 1751424683.3809564, 1751424683.4469159, 1751424683.510627, 1751424683.5734468, 1751424683.6356225, 1751424683.7020152, 1751424683.7647233, 1751424683.8255043, 1751424683.8869195, 1751424683.9499993, 1751424684.0169961, 1751424684.085633, 1751424684.1492407, 1751424684.2135603, 1751424684.277897, 1751424684.3411484, 1751424684.4033256, 1751424684.4707012, 1751424684.533784, 1751424684.597894, 1751424684.6638167, 1751424684.7265, 1751424684.7943904, 1751424684.8572712, 1751424684.9240456, 1751424684.9888318, 1751424685.0575676, 1751424685.124459, 1751424685.1909993, 1751424685.2602224, 1751424685.3248017, 1751424685.3917015, 1751424685.4549632, 1751424685.5228372, 1751424685.5862637, 1751424685.6541739, 1751424685.7177691, 1751424685.7864883, 1751424685.8536434, 1751424685.9196413, 1751424685.9917877, 1751424686.062476, 1751424686.1310494, 1751424686.2029347, 1751424686.2727625, 1751424686.3442419, 1751424686.415736, 1751424686.4857738, 1751424686.5572243, 1751424686.6281009, 1751424686.698666, 1751424686.7698472, 1751424686.8409214, 1751424686.9097908, 1751424686.9793236, 1751424687.0453262, 1751424687.112927, 1751424687.182057, 1751424687.25229, 1751424687.322805, 1751424687.389451, 1751424687.4566178, 1751424687.5256608, 1751424687.5929003, 1751424687.6593568, 1751424687.7277553, 1751424687.797779, 1751424687.8631325, 1751424687.9322433, 1751424688.0033162, 1751424688.0743468, 1751424688.1442535, 1751424688.2114692, 1751424688.2783754, 1751424688.3474243, 1751424688.4181132, 1751424688.4884117, 1751424688.5580559, 1751424688.6281, 1751424688.6982589, 1751424688.7689066, 1751424688.8398933, 1751424688.9107947]"
577,206,371,"[1751424689.19678, 1751424689.3550112, 1751424689.3555171, 1751424689.418992, 1751424689.4812055, 1751424689.5440123, 1751424689.609409, 1751424689.6714594, 1751424689.733084, 1751424689.8440723, 1751424689.9081469, 1751424689.9741478, 1751424690.0382385, 1751424690.10536, 1751424690.1684082, 1751424690.2335336, 1751424690.2989504, 1751424690.3616252, 1751424690.4294736, 1751424690.492114, 1751424690.5533757, 1751424690.6170213, 1751424690.6821952, 1751424690.7447681, 1751424690.806849, 1751424690.8728538, 1751424690.9370606, 1751424691.0050335, 1751424691.0678644, 1751424691.1362207, 1751424691.1992273, 1751424691.2666874, 1751424691.3304305, 1751424691.3938715, 1751424691.4577782, 1751424691.52159, 1751424691.5869236, 1751424691.6522264, 1751424691.7212806, 1751424691.7854214, 1751424691.8530524, 1751424691.91761, 1751424691.9842992, 1751424692.0483637, 1751424692.1159742, 1751424692.1856532, 1751424692.248902, 1751424692.3168309, 1751424692.3813875, 1751424692.4481425, 1751424692.5123544, 1751424692.5803323, 1751424692.6429775, 1751424692.7071629, 1751424692.7723567, 1751424692.8376813, 1751424692.906889, 1751424692.9747066, 1751424693.0401113, 1751424693.1087182, 1751424693.1808515, 1751424693.246854, 1751424693.3111625, 1751424693.3797572, 1751424693.4496512, 1751424693.5133624, 1751424693.5816655, 1751424693.6509342, 1751424693.71588, 1751424693.7835455, 1751424693.8501194, 1751424693.9166634, 1751424693.9861426, 1751424694.0556817, 1751424694.1231577, 1751424694.189672, 1751424694.2586694, 1751424694.3279653, 1751424694.3946133, 1751424694.461722, 1751424694.531268, 1751424694.5999918, 1751424694.671481, 1751424694.7390044, 1751424694.8066983, 1751424694.8760173, 1751424694.9462276, 1751424695.0162258, 1751424695.0858047, 1751424695.1508062, 1751424695.2196991, 1751424695.29054, 1751424695.3617954, 1751424695.4323366, 1751424695.5028014, 1751424695.5739825, 1751424695.6445563, 1751424695.7144225, 1751424695.7844908, 1751424695.8547626, 1751424695.9223492, 1751424695.9893343, 1751424696.0578258]"
385,148,237,"[1751424696.3507774, 1751424696.464019, 1751424696.4646378, 1751424696.531953, 1751424696.594672, 1751424696.6557693, 1751424696.7169244, 1751424696.7802594, 1751424696.845667, 1751424696.9082904, 1751424696.9702039, 1751424697.0346813, 1751424697.1017056, 1751424697.170541, 1751424697.2366383, 1751424697.3048146, 1751424697.3734634, 1751424697.4442198, 1751424697.507635, 1751424697.574037, 1751424697.6373138, 1751424697.702114, 1751424697.7664611, 1751424697.8318667, 1751424697.8983364, 1751424697.9655342, 1751424698.0304701, 1751424698.0995312, 1751424698.1627927, 1751424698.2291129, 1751424698.2937987, 1751424698.362136, 1751424698.4258473, 1751424698.4928699, 1751424698.556215, 1751424698.624186, 1751424698.6878366, 1751424698.7558367, 1751424698.8194566, 1751424698.8863926, 1751424698.9507115, 1751424699.0190992, 1751424699.0820897, 1751424699.1502123, 1751424699.213793, 1751424699.2817605, 1751424699.3456872, 1751424699.4145563, 1751424699.4802904, 1751424699.5462277, 1751424699.6095545, 1751424699.6764524, 1751424699.7402055, 1751424699.8080509, 1751424699.8716593, 1751424699.9398606, 1751424700.0043688, 1751424700.0721483, 1751424700.1421263, 1751424700.2065725, 1751424700.2738683, 1751424700.3393164, 1751424700.4036212, 1751424700.4689336, 1751424700.5367649, 1751424700.602193, 1751424700.6689508, 1751424700.738535, 1751424700.8042855, 1751424700.871734, 1751424700.942406, 1751424701.0141747, 1751424701.0837488, 1751424701.1537619]"
365,96,269,"[1751424701.4290369, 1751424701.5825505, 1751424701.5830603, 1751424701.6489305, 1751424701.7115214, 1751424701.77208, 1751424701.8326042, 1751424701.8935971, 1751424701.9543579, 1751424702.0179098, 1751424702.0800788, 1751424702.1452599, 1751424702.2079875, 1751424702.2691803, 1751424702.3306313, 1751424702.3907197, 1751424702.454041, 1751424702.520849, 1751424702.5841672, 1751424702.6522043, 1751424702.7190993, 1751424702.786617, 1751424702.854676, 1751424702.9179418, 1751424702.9860353, 1751424703.0508306, 1751424703.112853, 1751424703.1757092, 1751424703.2435508, 1751424703.3108091, 1751424703.3806407, 1751424703.443421, 1751424703.5074189, 1751424703.5732875, 1751424703.638671, 1751424703.703934, 1751424703.767435, 1751424703.8347485, 1751424703.898508, 1751424703.9659693, 1751424704.0291834, 1751424704.0961266, 1751424704.1575112, 1751424704.2217233, 1751424704.2897632, 1751424704.353084, 1751424704.4212523, 1751424704.4844608]"
363,72,291,"[1751424704.759155, 1751424704.9149294, 1751424704.9154367, 1751424704.9766285, 1751424705.0397604, 1751424705.1010423, 1751424705.1617568, 1751424705.222372, 1751424705.2837703, 1751424705.3448606, 1751424705.4076257, 1751424705.4740334, 1751424705.53683, 1751424705.5991955, 1751424705.6650572, 1751424705.727363, 1751424705.7885652, 1751424705.849647, 1751424705.9118676, 1751424705.9780605, 1751424706.04133, 1751424706.1041765, 1751424706.1705828, 1751424706.2332125, 1751424706.294691, 1751424706.355784, 1751424706.4208193, 1751424706.485621, 1751424706.5514486, 1751424706.617228, 1751424706.6796227, 1751424706.746979, 1751424706.8102336, 1751424706.8716216, 1751424706.9389153, 1751424707.0020685]"
763,232,531,"[1751424707.2773774, 1751424707.4891722, 1751424707.489802, 1751424707.557902, 1751424707.6213114, 1751424707.6838932, 1751424707.750065, 1751424707.8165143, 1751424707.8790426, 1751424707.9434576, 1751424708.0093133, 1751424708.075897, 1751424708.1449099, 1751424708.2070804, 1751424708.269181, 1751424708.335104, 1751424708.3983676, 1751424708.4592216, 1751424708.5703385, 1751424708.6342607, 1751424708.700192, 1751424708.7633438, 1751424708.82509, 1751424708.8918035, 1751424708.9545186, 1751424709.0157716, 1751424709.080723, 1751424709.1451333, 1751424709.2145536, 1751424709.2772386, 1751424709.3403533, 1751424709.4065533, 1751424709.4694088, 1751424709.5310903, 1751424709.5988636, 1751424709.6697724, 1751424709.738885, 1751424709.8019316, 1751424709.8692873, 1751424709.9326682, 1751424709.9991508, 1751424710.064029, 1751424710.1326094, 1751424710.1964343, 1751424710.2639575, 1751424710.3275025, 1751424710.395929, 1751424710.4596093, 1751424710.5291412, 1751424710.5988064, 1751424710.6626508, 1751424710.7303615, 1751424710.7999005, 1751424710.8640096, 1751424710.932606, 1751424710.9973717, 1751424711.064783, 1751424711.1271982, 1751424711.195565, 1751424711.2595394, 1751424711.327165, 1751424711.391053, 1751424711.4600809, 1751424711.5255396, 1751424711.5921276, 1751424711.6552818, 1751424711.7237718, 1751424711.7906103, 1751424711.857656, 1751424711.9262633, 1751424711.99132, 1751424712.0586433, 1751424712.1268868, 1751424712.1922657, 1751424712.2609549, 1751424712.3263953, 1751424712.3938868, 1751424712.463766, 1751424712.5335157, 1751424712.599282, 1751424712.6697452, 1751424712.7404535, 1751424712.811451, 1751424712.8788218, 1751424712.9490013, 1751424713.0193884, 1751424713.090181, 1751424713.1620224, 1751424713.2337604, 1751424713.3038542, 1751424713.3757827, 1751424713.447619, 1751424713.5175571, 1751424713.588208, 1751424713.658771, 1751424713.728838, 1751424713.7988641, 1751424713.8714085, 1751424713.945413, 1751424714.0168626, 1751424714.0847015, 1751424714.153431, 1751424714.2244616, 1751424714.2964315, 1751424714.36623, 1751424714.4375598, 1751424714.5080068, 1751424714.578411, 1751424714.6488118, 1751424714.719059, 1751424714.7898946, 1751424714.8605042, 1751424714.9320872, 1751424715.0023422, 1751424715.0727544, 1751424715.1434112]"
567,156,411,"[1751424715.423508, 1751424715.6116908, 1751424715.6123543, 1751424715.6793416, 1751424715.7422507, 1751424715.8037984, 1751424715.8669062, 1751424715.932875, 1751424715.9972034, 1751424716.065462, 1751424716.1327295, 1751424716.1969573, 1751424716.2628632, 1751424716.328188, 1751424716.3993964, 1751424716.4632366, 1751424716.5308006, 1751424716.5988383, 1751424716.6652815, 1751424716.7333589, 1751424716.8019023, 1751424716.8645895, 1751424716.9271922, 1751424716.9936912, 1751424717.057499, 1751424717.1253545, 1751424717.1887636, 1751424717.2515402, 1751424717.3184683, 1751424717.380763, 1751424717.4456556, 1751424717.5139005, 1751424717.5812328, 1751424717.64414, 1751424717.7119303, 1751424717.7756321, 1751424717.842704, 1751424717.907267, 1751424717.9768538, 1751424718.0414221, 1751424718.110647, 1751424718.1803124, 1751424718.2499359, 1751424718.314933, 1751424718.382116, 1751424718.446776, 1751424718.5154598, 1751424718.5853605, 1751424718.654402, 1751424718.722877, 1751424718.7904365, 1751424718.858473, 1751424718.9276726, 1751424718.9908168, 1751424719.057479, 1751424719.1216552, 1751424719.1883943, 1751424719.253086, 1751424719.32081, 1751424719.387953, 1751424719.453575, 1751424719.5221276, 1751424719.5868967, 1751424719.6543381, 1751424719.7206473, 1751424719.7877257, 1751424719.8566003, 1751424719.9264672, 1751424719.991942, 1751424720.0592349, 1751424720.1305127, 1751424720.201216, 1751424720.2714953, 1751424720.34198, 1751424720.4128273, 1751424720.483228, 1751424720.5543888, 1751424720.624213]"
625,230,395,"[1751424720.9068472, 1751424721.0932996, 1751424721.0938993, 1751424721.1612039, 1751424721.225377, 1751424721.2884488, 1751424721.3537657, 1751424721.4158456, 1751424721.477595, 1751424721.5383441, 1751424721.599852, 1751424721.6645074, 1751424721.7297313, 1751424721.7919722, 1751424721.8588483, 1751424721.9223025, 1751424721.9845695, 1751424722.0512478, 1751424722.1159306, 1751424722.1828156, 1751424722.246167, 1751424722.3083272, 1751424722.3759098, 1751424722.4388638, 1751424722.5017576, 1751424722.5681362, 1751424722.6322486, 1751424722.6955838, 1751424722.7600904, 1751424722.825074, 1751424722.8942676, 1751424722.9633687, 1751424723.0277612, 1751424723.0951812, 1751424723.1614766, 1751424723.228962, 1751424723.2974768, 1751424723.3611567, 1751424723.4296417, 1751424723.4933367, 1751424723.5611403, 1751424723.6249604, 1751424723.6937783, 1751424723.7635942, 1751424723.828646, 1751424723.8986888, 1751424723.9694395, 1751424724.0388696, 1751424724.1095495, 1751424724.1802037, 1751424724.2494807, 1751424724.3193114, 1751424724.3849792, 1751424724.4765768, 1751424724.5443032, 1751424724.6133525, 1751424724.6829996, 1751424724.747671, 1751424724.8149753, 1751424724.883924, 1751424724.9477363, 1751424725.015791, 1751424725.0801141, 1751424725.147942, 1751424725.2134192, 1751424725.2801688, 1751424725.350177, 1751424725.4173787, 1751424725.4815674, 1751424725.5487351, 1751424725.6157045, 1751424725.683815, 1751424725.7542126, 1751424725.8246114, 1751424725.8938046, 1751424725.9590478, 1751424726.0286436, 1751424726.0982907, 1751424726.1693015, 1751424726.2393415, 1751424726.3088944, 1751424726.374778, 1751424726.4428782, 1751424726.5128155, 1751424726.5830333, 1751424726.6506653, 1751424726.7174916, 1751424726.7871304, 1751424726.857289, 1751424726.9274442, 1751424726.9977353, 1751424727.0758274, 1751424727.1438427, 1751424727.2117722, 1751424727.2834568, 1751424727.353639, 1751424727.4244993, 1751424727.494576, 1751424727.565301, 1751424727.6359856, 1751424727.7073486, 1751424727.7775776, 1751424727.848736, 1751424727.91859, 1751424727.990211, 1751424728.0616536, 1751424728.1334326, 1751424728.204574, 1751424728.2751167, 1751424728.3456287, 1751424728.4167438, 1751424728.4860373, 1751424728.5558193, 1751424728.6263554, 1751424728.6968596]"
523,138,385,"[1751424728.9771938, 1751424729.1643236, 1751424729.1649444, 1751424729.2328582, 1751424729.2960784, 1751424729.3630831, 1751424729.426511, 1751424729.4918528, 1751424729.5586567, 1751424729.6230905, 1751424729.6889937, 1751424729.7515545, 1751424729.812631, 1751424729.876157, 1751424729.9416256, 1751424730.0042589, 1751424730.0657535, 1751424730.1308458, 1751424730.1954327, 1751424730.2594385, 1751424730.3244944, 1751424730.3887439, 1751424730.4573479, 1751424730.5210276, 1751424730.5872715, 1751424730.651458, 1751424730.7198226, 1751424730.7831454, 1751424730.8464146, 1751424730.9140568, 1751424730.9832773, 1751424731.0461504, 1751424731.1106572, 1751424731.1761193, 1751424731.2399364, 1751424731.307032, 1751424731.3697038, 1751424731.437369, 1751424731.501422, 1751424731.5690486, 1751424731.6330028, 1751424731.700815, 1751424731.7645469, 1751424731.83256, 1751424731.8957431, 1751424731.9639947, 1751424732.0277278, 1751424732.0959342, 1751424732.1614404, 1751424732.2278779, 1751424732.2947803, 1751424732.3606873, 1751424732.4298508, 1751424732.4949822, 1751424732.5611804, 1751424732.6245885, 1751424732.6951098, 1751424732.7633073, 1751424732.8302722, 1751424732.8975646, 1751424732.9687743, 1751424733.0394762, 1751424733.1100895, 1751424733.1780877, 1751424733.2433367, 1751424733.31159, 1751424733.3785615, 1751424733.4445407, 1751424733.5146744]"
421,100,321,"[1751424733.7930849, 1751424733.9506798, 1751424733.9513462, 1751424734.0214841, 1751424734.0836217, 1751424734.1465843, 1751424734.2146919, 1751424734.3283224, 1751424734.3941286, 1751424734.4566324, 1751424734.51839, 1751424734.5802126, 1751424734.6444407, 1751424734.7082832, 1751424734.7712567, 1751424734.8362746, 1751424734.9013736, 1751424734.970533, 1751424735.034851, 1751424735.1076555, 1751424735.173098, 1751424735.241974, 1751424735.3031907, 1751424735.3658903, 1751424735.4275186, 1751424735.4956763, 1751424735.559542, 1751424735.6269126, 1751424735.6903164, 1751424735.757364, 1751424735.8209915, 1751424735.8867335, 1751424735.9532661, 1751424736.0227597, 1751424736.091049, 1751424736.1541517, 1751424736.2167552, 1751424736.282969, 1751424736.346261, 1751424736.4139707, 1751424736.4772782, 1751424736.545262, 1751424736.6091886, 1751424736.6769533, 1751424736.7400794, 1751424736.8074844, 1751424736.8707762, 1751424736.9385672, 1751424737.0019732, 1751424737.0704744]"
465,148,317,"[1751424737.3417168, 1751424737.4989064, 1751424737.499483, 1751424737.5658424, 1751424737.628635, 1751424737.6904755, 1751424737.751161, 1751424737.8133695, 1751424737.8769758, 1751424737.9435902, 1751424738.00783, 1751424738.073218, 1751424738.1363008, 1751424738.1977777, 1751424738.261968, 1751424738.3265069, 1751424738.387624, 1751424738.4500928, 1751424738.510752, 1751424738.5722885, 1751424738.6381936, 1751424738.7017825, 1751424738.7703664, 1751424738.8337102, 1751424738.8959088, 1751424738.961926, 1751424739.0263612, 1751424739.094276, 1751424739.1575549, 1751424739.2213736, 1751424739.2869885, 1751424739.350386, 1751424739.4163156, 1751424739.480435, 1751424739.543719, 1751424739.6103275, 1751424739.6733274, 1751424739.736564, 1751424739.8026788, 1751424739.8657787, 1751424739.930345, 1751424739.9975743, 1751424740.0664744, 1751424740.129763, 1751424740.1985765, 1751424740.2682495, 1751424740.3319712, 1751424740.4002447, 1751424740.4703007, 1751424740.5339158, 1751424740.6013675, 1751424740.6651785, 1751424740.7334633, 1751424740.7964902, 1751424740.8645434, 1751424740.9278512, 1751424740.9967797, 1751424741.062462, 1751424741.130528, 1751424741.1993067, 1751424741.2644987, 1751424741.3313293, 1751424741.4015677, 1751424741.4721231, 1751424741.5400376, 1751424741.6051152, 1751424741.6723125, 1751424741.7369454, 1751424741.8061879, 1751424741.8756592, 1751424741.9422305, 1751424742.0085514, 1751424742.0787406, 1751424742.1490102]"
665,234,431,"[1751424742.4283183, 1751424742.6248434, 1751424742.6254594, 1751424742.691213, 1751424742.7541487, 1751424742.819326, 1751424742.8865416, 1751424742.9465833, 1751424743.0118358, 1751424743.0806382, 1751424743.1432772, 1751424743.2092474, 1751424743.2721374, 1751424743.3337457, 1751424743.395712, 1751424743.4575346, 1751424743.5230994, 1751424743.5862198, 1751424743.6483614, 1751424743.7148452, 1751424743.7775898, 1751424743.8390956, 1751424743.9007254, 1751424743.962919, 1751424744.0290287, 1751424744.0911942, 1751424744.152591, 1751424744.2175193, 1751424744.2822049, 1751424744.3460503, 1751424744.4128225, 1751424744.4747791, 1751424744.5369666, 1751424744.599986, 1751424744.6667063, 1751424744.7290924, 1751424744.7924368, 1751424744.8588195, 1751424744.9227903, 1751424744.9892387, 1751424745.0533442, 1751424745.1216786, 1751424745.1848135, 1751424745.2517366, 1751424745.316334, 1751424745.385516, 1751424745.4560425, 1751424745.52049, 1751424745.5876477, 1751424745.65276, 1751424745.7188873, 1751424745.7832053, 1751424745.8512487, 1751424745.9216645, 1751424745.9880157, 1751424746.0586104, 1751424746.1294608, 1751424746.1965966, 1751424746.2677693, 1751424746.338502, 1751424746.4553607, 1751424746.5237198, 1751424746.5924647, 1751424746.6624877, 1751424746.7340271, 1751424746.8047192, 1751424746.8736622, 1751424746.943472, 1751424747.0137026, 1751424747.0808399, 1751424747.148757, 1751424747.217304, 1751424747.287793, 1751424747.3579082, 1751424747.4281147, 1751424747.4973037, 1751424747.5629168, 1751424747.6312244, 1751424747.7014613, 1751424747.7693734, 1751424747.8353658, 1751424747.9066782, 1751424747.9780848, 1751424748.0468566, 1751424748.1183848, 1751424748.188454, 1751424748.2596953, 1751424748.3300452, 1751424748.3978326, 1751424748.4690776, 1751424748.540785, 1751424748.6116369, 1751424748.682171, 1751424748.7531195, 1751424748.8252676, 1751424748.8957562, 1751424748.9665675, 1751424749.0341077, 1751424749.1065316, 1751424749.177477, 1751424749.2478304, 1751424749.3185003, 1751424749.38847, 1751424749.4591496, 1751424749.5296545, 1751424749.6008627, 1751424749.6712456, 1751424749.7418387, 1751424749.8128436, 1751424749.8833072, 1751424749.9493563, 1751424750.017085, 1751424750.0878615, 1751424750.1584034, 1751424750.2294405, 1751424750.3004403, 1751424750.3716702]"
831,284,547,"[1751424750.6615496, 1751424750.8705842, 1751424750.8710964, 1751424750.9383595, 1751424751.006748, 1751424751.0714788, 1751424751.1404493, 1751424751.2096155, 1751424751.2734456, 1751424751.339114, 1751424751.4024289, 1751424751.4650528, 1751424751.530309, 1751424751.5944476, 1751424751.6613665, 1751424751.7263837, 1751424751.7942805, 1751424751.8570764, 1751424751.9206192, 1751424751.987283, 1751424752.0545425, 1751424752.1214793, 1751424752.1899555, 1751424752.2531013, 1751424752.320116, 1751424752.3833587, 1751424752.4481163, 1751424752.5137484, 1751424752.5828679, 1751424752.6469376, 1751424752.7153716, 1751424752.7804294, 1751424752.8479507, 1751424752.9111934, 1751424752.9788928, 1751424753.042076, 1751424753.1134465, 1751424753.1832116, 1751424753.2516985, 1751424753.3144329, 1751424753.382605, 1751424753.4470892, 1751424753.5155702, 1751424753.5782893, 1751424753.6464505, 1751424753.7099473, 1751424753.778111, 1751424753.841644, 1751424753.9100566, 1751424753.972995, 1751424754.04125, 1751424754.1047976, 1751424754.1737497, 1751424754.2440133, 1751424754.3102622, 1751424754.378077, 1751424754.4450405, 1751424754.5137312, 1751424754.580606, 1751424754.647958, 1751424754.7134366, 1751424754.7808318, 1751424754.850714, 1751424754.9152408, 1751424754.982611, 1751424755.047787, 1751424755.1144257, 1751424755.1841288, 1751424755.253538, 1751424755.3182662, 1751424755.3870754, 1751424755.457429, 1751424755.522819, 1751424755.5904994, 1751424755.6606822, 1751424755.7302802, 1751424755.7953372, 1751424755.862999, 1751424755.9322622, 1751424755.9978817, 1751424756.0679255, 1751424756.1412, 1751424756.2136166, 1751424756.283246, 1751424756.3529873, 1751424756.422691, 1751424756.4917588, 1751424756.5616918, 1751424756.632388, 1751424756.7023718, 1751424756.7736964, 1751424756.8441546, 1751424756.91496, 1751424756.985809, 1751424757.0564706, 1751424757.1276042, 1751424757.1983228, 1751424757.269344, 1751424757.3408418, 1751424757.4129162, 1751424757.4845161, 1751424757.5517583, 1751424757.6231966, 1751424757.6936991, 1751424757.7645712, 1751424757.8357286, 1751424757.905052, 1751424757.9772007, 1751424758.0490923, 1751424758.120126, 1751424758.1902044, 1751424758.2607121, 1751424758.3316016, 1751424758.4022932, 1751424758.474835, 1751424758.544202, 1751424758.6144512, 1751424758.6858969, 1751424758.756286, 1751424758.827418, 1751424758.9016714, 1751424758.9744313, 1751424759.0484183, 1751424759.162128, 1751424759.2351341, 1751424759.3035643, 1751424759.373427, 1751424759.4435315, 1751424759.514364, 1751424759.585016, 1751424759.6558738, 1751424759.72635, 1751424759.7969525, 1751424759.8677378, 1751424759.938643, 1751424760.008848, 1751424760.0903711, 1751424760.1610086, 1751424760.2300808, 1751424760.302067, 1751424760.3735087, 1751424760.4431567]"
589,124,465,"[1751424760.730224, 1751424760.9101856, 1751424760.9107654, 1751424760.9775655, 1751424761.040233, 1751424761.1045792, 1751424761.1694243, 1751424761.2324646, 1751424761.2954059, 1751424761.36189, 1751424761.4247274, 1751424761.488302, 1751424761.555168, 1751424761.621867, 1751424761.6868832, 1751424761.756278, 1751424761.8207476, 1751424761.8865442, 1751424761.9494374, 1751424762.0108795, 1751424762.072333, 1751424762.139178, 1751424762.2023945, 1751424762.2656412, 1751424762.3317845, 1751424762.3946815, 1751424762.4587097, 1751424762.5241964, 1751424762.5873532, 1751424762.6549053, 1751424762.7205973, 1751424762.7884612, 1751424762.858586, 1751424762.9282217, 1751424762.992959, 1751424763.060125, 1751424763.122907, 1751424763.1879578, 1751424763.252737, 1751424763.3150358, 1751424763.378654, 1751424763.4448955, 1751424763.5086753, 1751424763.575928, 1751424763.639287, 1751424763.706813, 1751424763.771112, 1751424763.838365, 1751424763.90141, 1751424763.969058, 1751424764.0321813, 1751424764.0997605, 1751424764.1620226, 1751424764.2252169, 1751424764.2932932, 1751424764.3628938, 1751424764.426629, 1751424764.494426, 1751424764.5588584, 1751424764.6269088, 1751424764.6930065, 1751424764.7589839]"
433,180,253,"[1751424765.0384727, 1751424765.152472, 1751424765.1529756, 1751424765.2158172, 1751424765.2776244, 1751424765.3383164, 1751424765.399669, 1751424765.4644794, 1751424765.528142, 1751424765.5905175, 1751424765.650938, 1751424765.712252, 1751424765.7735772, 1751424765.8356092, 1751424765.9479327, 1751424766.0147743, 1751424766.0772247, 1751424766.1388385, 1751424766.1990242, 1751424766.2615192, 1751424766.3277032, 1751424766.3919308, 1751424766.45907, 1751424766.5215688, 1751424766.5830364, 1751424766.6495533, 1751424766.7135594, 1751424766.7819805, 1751424766.848514, 1751424766.9171126, 1751424766.9872031, 1751424767.057629, 1751424767.1287014, 1751424767.1990986, 1751424767.26969, 1751424767.3399131, 1751424767.4114213, 1751424767.4814935, 1751424767.5524282, 1751424767.6227005, 1751424767.6935296, 1751424767.764338, 1751424767.8350003, 1751424767.9022052, 1751424767.9680874, 1751424768.0365438, 1751424768.1074927, 1751424768.176989, 1751424768.2472973, 1751424768.3174403, 1751424768.3822467, 1751424768.450344, 1751424768.5202181, 1751424768.5904262, 1751424768.660794, 1751424768.7257583, 1751424768.7942207, 1751424768.864692, 1751424768.9341972, 1751424768.9991975, 1751424769.0671394, 1751424769.1377933, 1751424769.207936, 1751424769.2780952, 1751424769.3487937, 1751424769.4190822, 1751424769.487871, 1751424769.5538068, 1751424769.623322, 1751424769.693294, 1751424769.764088, 1751424769.834521, 1751424769.90439, 1751424769.974409, 1751424770.0452726, 1751424770.1161747, 1751424770.1873677, 1751424770.2575064, 1751424770.3282206, 1751424770.3993912, 1751424770.4712238, 1751424770.5413158, 1751424770.6116567, 1751424770.6828365, 1751424770.7553174, 1751424770.8271787, 1751424770.8978918, 1751424770.968417, 1751424771.0391755, 1751424771.1086175]"
471,100,371,"[1751424771.4122279, 1751424771.5702095, 1751424771.570825, 1751424771.6338513, 1751424771.7006183, 1751424771.763221, 1751424771.8265617, 1751424771.8925366, 1751424771.956349, 1751424772.0177307, 1751424772.0852652, 1751424772.1504486, 1751424772.2170002, 1751424772.2852035, 1751424772.3509223, 1751424772.419853, 1751424772.4876003, 1751424772.5528762, 1751424772.6217225, 1751424772.68829, 1751424772.7551877, 1751424772.823511, 1751424772.8909824, 1751424772.957251, 1751424773.026496, 1751424773.0927882, 1751424773.1577501, 1751424773.2266538, 1751424773.2907138, 1751424773.3585205, 1751424773.4237773, 1751424773.491122, 1751424773.561546, 1751424773.6242797, 1751424773.6927004, 1751424773.7566192, 1751424773.823947, 1751424773.8879068, 1751424773.954746, 1751424774.0193403, 1751424774.0871649, 1751424774.1561735, 1751424774.2210348, 1751424774.289408, 1751424774.3600857, 1751424774.4277387, 1751424774.4942002, 1751424774.562012, 1751424774.6330538, 1751424774.7023973]"
629,84,545,"[1751424774.9929442, 1751424775.205923, 1751424775.206437, 1751424775.2717977, 1751424775.3349292, 1751424775.401765, 1751424775.4672556, 1751424775.5337198, 1751424775.6005685, 1751424775.6656647, 1751424775.7350242, 1751424775.8032062, 1751424775.8683665, 1751424775.9371016, 1751424776.007553, 1751424776.0749083, 1751424776.1410768, 1751424776.207689, 1751424776.2741125, 1751424776.3425717, 1751424776.4119084, 1751424776.482408, 1751424776.5523622, 1751424776.6173296, 1751424776.6868098, 1751424776.7565858, 1751424776.8257241, 1751424776.8880346, 1751424776.9487479, 1751424777.0125632, 1751424777.0793169, 1751424777.1494348, 1751424777.21842, 1751424777.282805, 1751424777.3509905, 1751424777.4152908, 1751424777.4793694, 1751424777.5461867, 1751424777.6163456, 1751424777.6853435, 1751424777.7510421, 1751424777.8195848]"
929,274,655,"[1751424778.1072063, 1751424778.3664205, 1751424778.3670619, 1751424778.4349732, 1751424778.4998043, 1751424778.5721176, 1751424778.6372054, 1751424778.6994855, 1751424778.760399, 1751424778.8223965, 1751424778.8885162, 1751424778.9509146, 1751424779.01231, 1751424779.074508, 1751424779.1401045, 1751424779.2036786, 1751424779.2675097, 1751424779.3340187, 1751424779.3967383, 1751424779.4577477, 1751424779.5190933, 1751424779.5852063, 1751424779.648757, 1751424779.7100976, 1751424779.7720013, 1751424779.8390615, 1751424779.9503868, 1751424780.013976, 1751424780.0809975, 1751424780.1451526, 1751424780.2124171, 1751424780.2761016, 1751424780.345217, 1751424780.410916, 1751424780.4789298, 1751424780.5480692, 1751424780.61159, 1751424780.6787238, 1751424780.7451658, 1751424780.8112476, 1751424780.8802512, 1751424780.943262, 1751424781.010999, 1751424781.0744681, 1751424781.142572, 1751424781.2066374, 1751424781.2741408, 1751424781.3437517, 1751424781.4077494, 1751424781.475378, 1751424781.5415938, 1751424781.6102455, 1751424781.6793652, 1751424781.748716, 1751424781.815241, 1751424781.8822918, 1751424781.951356, 1751424782.0211837, 1751424782.091655, 1751424782.160084, 1751424782.2256525, 1751424782.2931683, 1751424782.3620486, 1751424782.427302, 1751424782.4959328, 1751424782.5651662, 1751424782.632414, 1751424782.7007968, 1751424782.7678998, 1751424782.8379273, 1751424782.9081032, 1751424782.974816, 1751424783.0430534, 1751424783.116047, 1751424783.1878343, 1751424783.2571285, 1751424783.3252547, 1751424783.3952143, 1751424783.464774, 1751424783.5327702, 1751424783.600614, 1751424783.6697211, 1751424783.7402873, 1751424783.8099592, 1751424783.880331, 1751424783.950764, 1751424784.0230188, 1751424784.0931816, 1751424784.1640062, 1751424784.234567, 1751424784.3053515, 1751424784.3762534, 1751424784.4474587, 1751424784.518432, 1751424784.5893536, 1751424784.6597583, 1751424784.7314072, 1751424784.8018541, 1751424784.8725755, 1751424784.9456582, 1751424785.0179055, 1751424785.0882359, 1751424785.156977, 1751424785.2234197, 1751424785.2913558, 1751424785.3618097, 1751424785.4339085, 1751424785.5027506, 1751424785.573163, 1751424785.643735, 1751424785.71393, 1751424785.7843988, 1751424785.8553936, 1751424785.9259374, 1751424785.996448, 1751424786.0688012, 1751424786.1393554, 1751424786.2094057, 1751424786.2799485, 1751424786.3501678, 1751424786.4226916, 1751424786.493428, 1751424786.563769, 1751424786.635226, 1751424786.7079737, 1751424786.7794302, 1751424786.8483963, 1751424786.9187858, 1751424786.9908843, 1751424787.0621312, 1751424787.1339457, 1751424787.2038393, 1751424787.2808237, 1751424787.354516, 1751424787.4263947, 1751424787.4960916, 1751424787.5672765]"
437,96,341,"[1751424787.859157, 1751424788.014516, 1751424788.0150237, 1751424788.0810637, 1751424788.1443527, 1751424788.2111068, 1751424788.2751791, 1751424788.3438587, 1751424788.411968, 1751424788.4773731, 1751424788.5452409, 1751424788.6102436, 1751424788.6764662, 1751424788.7391095, 1751424788.799816, 1751424788.862893, 1751424788.9284859, 1751424788.9912944, 1751424789.0528095, 1751424789.1198661, 1751424789.1830804, 1751424789.2495604, 1751424789.312677, 1751424789.3757536, 1751424789.4431655, 1751424789.5057268, 1751424789.567188, 1751424789.6286802, 1751424789.6958256, 1751424789.7596226, 1751424789.8216054, 1751424789.8883586, 1751424789.951503, 1751424790.0191073, 1751424790.0824053, 1751424790.148679, 1751424790.2135918, 1751424790.2836747, 1751424790.3480415, 1751424790.4414206, 1751424790.529368, 1751424790.5973148, 1751424790.6669655, 1751424790.7300549, 1751424790.7979646, 1751424790.8621447, 1751424790.929269, 1751424790.9931269]"
439,232,207,"[1751424791.2701747, 1751424791.3847196, 1751424791.3853314, 1751424791.4479418, 1751424791.5097826, 1751424791.5759745, 1751424791.6385643, 1751424791.6991365, 1751424791.760645, 1751424791.8260179, 1751424791.8903964, 1751424791.9575176, 1751424792.021443, 1751424792.0863106, 1751424792.1518948, 1751424792.2147627, 1751424792.2779846, 1751424792.3436592, 1751424792.408437, 1751424792.4746437, 1751424792.5376945, 1751424792.6021538, 1751424792.667178, 1751424792.731553, 1751424792.799373, 1751424792.8684266, 1751424792.9369428, 1751424793.0021513, 1751424793.0694544, 1751424793.132477, 1751424793.1954064, 1751424793.261338, 1751424793.324422, 1751424793.3900163, 1751424793.454982, 1751424793.5232072, 1751424793.5867434, 1751424793.6547577, 1751424793.7228317, 1751424793.787839, 1751424793.8599737, 1751424793.9325635, 1751424794.0046163, 1751424794.074674, 1751424794.1471934, 1751424794.2169101, 1751424794.2844436, 1751424794.3532877, 1751424794.4178834, 1751424794.4856908, 1751424794.5532227, 1751424794.6190166, 1751424794.6877348, 1751424794.7533598, 1751424794.820346, 1751424794.8871012, 1751424794.953321, 1751424795.0236132, 1751424795.0939107, 1751424795.1639678, 1751424795.2318761, 1751424795.298568, 1751424795.3678179, 1751424795.4367778, 1751424795.5067706, 1751424795.5727956, 1751424795.6413634, 1751424795.7097042, 1751424795.7799969, 1751424795.849712, 1751424795.9155562, 1751424795.9825654, 1751424796.0529552, 1751424796.1227286, 1751424796.1891963, 1751424796.2532196, 1751424796.3195474, 1751424796.38683, 1751424796.457726, 1751424796.5273921, 1751424796.597756, 1751424796.6658187, 1751424796.7326968, 1751424796.8004491, 1751424796.8708708, 1751424796.9423962, 1751424797.0132751, 1751424797.0843813, 1751424797.1549008, 1751424797.2248125, 1751424797.295553, 1751424797.3659198, 1751424797.437138, 1751424797.5072029, 1751424797.5779612, 1751424797.6488242, 1751424797.7194977, 1751424797.7907338, 1751424797.8588586, 1751424797.9289372, 1751424797.9965847, 1751424798.0649357, 1751424798.1349638, 1751424798.2057345, 1751424798.2770946, 1751424798.348946, 1751424798.419233, 1751424798.4894319, 1751424798.5613728, 1751424798.6302166, 1751424798.7044387, 1751424798.7726986, 1751424798.8437643, 1751424798.9141226, 1751424798.984832, 1751424799.056032]"
681,360,321,"[1751424799.3502774, 1751424799.5047815, 1751424799.505289, 1751424799.5705352, 1751424799.6331272, 1751424799.695022, 1751424799.7558618, 1751424799.8181102, 1751424799.8820026, 1751424799.9456873, 1751424800.0083604, 1751424800.0702326, 1751424800.1316533, 1751424800.1979945, 1751424800.2603004, 1751424800.3212883, 1751424800.3822076, 1751424800.4448135, 1751424800.5106778, 1751424800.5743532, 1751424800.63501, 1751424800.6994588, 1751424800.7647254, 1751424800.8718817, 1751424800.938033, 1751424801.006734, 1751424801.0698364, 1751424801.1351519, 1751424801.1996186, 1751424801.2630978, 1751424801.3298538, 1751424801.393194, 1751424801.4605973, 1751424801.5241525, 1751424801.592134, 1751424801.6559606, 1751424801.7190382, 1751424801.7850428, 1751424801.8484774, 1751424801.91576, 1751424801.9813602, 1751424802.0475612, 1751424802.1122894, 1751424802.179384, 1751424802.242357, 1751424802.3099933, 1751424802.3738813, 1751424802.4423475, 1751424802.5060744, 1751424802.5741909, 1751424802.639164, 1751424802.7051523, 1751424802.7719135, 1751424802.8399742, 1751424802.9084566, 1751424802.978026, 1751424803.0464263, 1751424803.11269, 1751424803.1807327, 1751424803.2502716, 1751424803.3139417, 1751424803.382577, 1751424803.4534469, 1751424803.5235393, 1751424803.5903974, 1751424803.6566133, 1751424803.7260404, 1751424803.7938051, 1751424803.8592649, 1751424803.927996, 1751424803.9946675, 1751424804.0609343, 1751424804.1305356, 1751424804.2005525, 1751424804.2683628, 1751424804.3341215, 1751424804.4038029, 1751424804.4753792, 1751424804.5455353, 1751424804.6174667, 1751424804.688125, 1751424804.7595613, 1751424804.8295367, 1751424804.8986263, 1751424804.968833, 1751424805.038862, 1751424805.108883, 1751424805.1791952, 1751424805.2455542, 1751424805.3140006, 1751424805.383933, 1751424805.4544926, 1751424805.5228074, 1751424805.588971, 1751424805.6575065, 1751424805.7278922, 1751424805.799051, 1751424805.8698354, 1751424805.94143, 1751424806.0148237, 1751424806.0848632, 1751424806.1551244, 1751424806.2270193, 1751424806.2955518, 1751424806.3671257, 1751424806.4398694, 1751424806.5108874, 1751424806.5813768, 1751424806.652176, 1751424806.723141, 1751424806.7924812, 1751424806.8617022, 1751424806.9320195, 1751424807.0026443, 1751424807.0753708, 1751424807.1462169, 1751424807.2155712, 1751424807.286664, 1751424807.3578217, 1751424807.4281254, 1751424807.4967914, 1751424807.5686753, 1751424807.6397798, 1751424807.7104437, 1751424807.7815714, 1751424807.8522966, 1751424807.9242017, 1751424807.9955723, 1751424808.0658429, 1751424808.1379826, 1751424808.2085, 1751424808.2781076, 1751424808.3488867, 1751424808.418647, 1751424808.4897187, 1751424808.560624, 1751424808.631544, 1751424808.70286, 1751424808.7762673, 1751424808.8463557, 1751424808.914042, 1751424808.9844441, 1751424809.0547264, 1751424809.1262736, 1751424809.1974843, 1751424809.267875, 1751424809.3384922, 1751424809.4099402, 1751424809.4800286, 1751424809.5508566, 1751424809.6214144, 1751424809.692898, 1751424809.7639768, 1751424809.8372405, 1751424809.9089198, 1751424809.984983, 1751424810.056363, 1751424810.130135, 1751424810.2028518, 1751424810.2773967, 1751424810.3503928, 1751424810.4237978, 1751424810.498619, 1751424810.571789, 1751424810.64341, 1751424810.7144089, 1751424810.785269, 1751424810.8561695, 1751424810.926466, 1751424810.9975166, 1751424811.0691752, 1751424811.1405613, 1751424811.2115083, 1751424811.286827, 1751424811.3614128, 1751424811.4745052, 1751424811.5510063, 1751424811.6247118, 1751424811.6982942, 1751424811.7734914]"
391,102,289,"[1751424812.0700665, 1751424812.2263923, 1751424812.226914, 1751424812.2913089, 1751424812.354062, 1751424812.4209461, 1751424812.4840457, 1751424812.547059, 1751424812.6129866, 1751424812.6761415, 1751424812.7403677, 1751424812.8077154, 1751424812.876101, 1751424812.9387298, 1751424813.0011792, 1751424813.0670078, 1751424813.1319935, 1751424813.201859, 1751424813.2691858, 1751424813.3322754, 1751424813.3935509, 1751424813.4580517, 1751424813.523157, 1751424813.5865533, 1751424813.6538064, 1751424813.7178736, 1751424813.7850285, 1751424813.850663, 1751424813.91961, 1751424813.9887674, 1751424814.0582898, 1751424814.1211305, 1751424814.1841884, 1751424814.2507937, 1751424814.3137891, 1751424814.381479, 1751424814.4452538, 1751424814.5129626, 1751424814.5768802, 1751424814.6448472, 1751424814.7089484, 1751424814.776652, 1751424814.8473787, 1751424814.9168787, 1751424814.9800596, 1751424815.0481796, 1751424815.1124294, 1751424815.1821845, 1751424815.2525063, 1751424815.319856, 1751424815.3863163]"
535,216,319,"[1751424815.6692069, 1751424815.8242874, 1751424815.8248553, 1751424815.8903706, 1751424815.953855, 1751424816.0137916, 1751424816.0767138, 1751424816.1419492, 1751424816.2052138, 1751424816.2680688, 1751424816.3330314, 1751424816.3976421, 1751424816.462005, 1751424816.5253277, 1751424816.589005, 1751424816.6509645, 1751424816.713791, 1751424816.779701, 1751424816.843443, 1751424816.9097338, 1751424816.973861, 1751424817.0411966, 1751424817.10564, 1751424817.1717827, 1751424817.2379255, 1751424817.3051102, 1751424817.3709464, 1751424817.4372423, 1751424817.505141, 1751424817.5689156, 1751424817.6372783, 1751424817.7009459, 1751424817.7686794, 1751424817.8330288, 1751424817.9006722, 1751424817.9652786, 1751424818.033502, 1751424818.1030931, 1751424818.1708179, 1751424818.2356732, 1751424818.3044538, 1751424818.366242, 1751424818.4306657, 1751424818.4984062, 1751424818.5672603, 1751424818.6315198, 1751424818.6965947, 1751424818.7609801, 1751424818.831331, 1751424818.9035213, 1751424818.974423, 1751424819.0429828, 1751424819.1128583, 1751424819.1778843, 1751424819.244889, 1751424819.3127968, 1751424819.378107, 1751424819.4466805, 1751424819.5110936, 1751424819.5785325, 1751424819.6444101, 1751424819.7097564, 1751424819.7759058, 1751424819.8416271, 1751424819.9112062, 1751424819.9765124, 1751424820.0442722, 1751424820.11423, 1751424820.1799748, 1751424820.2470028, 1751424820.3173628, 1751424820.3824067, 1751424820.4494727, 1751424820.5208755, 1751424820.5914457, 1751424820.661757, 1751424820.7330735, 1751424820.802934, 1751424820.8731346, 1751424820.9403841, 1751424821.007164, 1751424821.0764024, 1751424821.1472142, 1751424821.2169943, 1751424821.287588, 1751424821.3582466, 1751424821.4287226, 1751424821.4951472, 1751424821.5630713, 1751424821.6294765, 1751424821.695466, 1751424821.7646368, 1751424821.8360183, 1751424821.906077, 1751424821.9750497, 1751424822.0453906, 1751424822.117362, 1751424822.1882691, 1751424822.2593486, 1751424822.3311381, 1751424822.4035635, 1751424822.4741278, 1751424822.5440264, 1751424822.6139054, 1751424822.6871781, 1751424822.7602093, 1751424822.8305702, 1751424822.9003978]"
833,96,737,"[1751424823.1860182, 1751424823.4361916, 1751424823.4367669, 1751424823.5035658, 1751424823.5662653, 1751424823.628667, 1751424823.6884685, 1751424823.7494147, 1751424823.8103368, 1751424823.8709862, 1751424823.9319777, 1751424823.9977026, 1751424824.0601563, 1751424824.1241097, 1751424824.1865866, 1751424824.2537751, 1751424824.319556, 1751424824.385711, 1751424824.4506514, 1751424824.5168898, 1751424824.579781, 1751424824.646868, 1751424824.7097337, 1751424824.7718034, 1751424824.836491, 1751424824.9012744, 1751424824.9681282, 1751424825.0326996, 1751424825.0952659, 1751424825.1626177, 1751424825.2468152, 1751424825.3150249, 1751424825.3805542, 1751424825.4476683, 1751424825.5177157, 1751424825.5821254, 1751424825.6489906, 1751424825.7120674, 1751424825.779792, 1751424825.843523, 1751424825.912423, 1751424825.9763405, 1751424826.0442686, 1751424826.1367025, 1751424826.2078624, 1751424826.2765658, 1751424826.3434925, 1751424826.4099524]"
837,304,533,"[1751424826.6970136, 1751424826.9026988, 1751424826.9032037, 1751424826.9666479, 1751424827.027942, 1751424827.0936294, 1751424827.158254, 1751424827.2264543, 1751424827.2902114, 1751424827.3574636, 1751424827.4237316, 1751424827.4911335, 1751424827.5545812, 1751424827.6203063, 1751424827.6837919, 1751424827.7468119, 1751424827.813944, 1751424827.8781488, 1751424827.9425478, 1751424828.0082188, 1751424828.0767539, 1751424828.140411, 1751424828.2022684, 1751424828.2693665, 1751424828.3327608, 1751424828.3997781, 1751424828.4638069, 1751424828.5320218, 1751424828.5959404, 1751424828.6631172, 1751424828.7264018, 1751424828.7946727, 1751424828.858061, 1751424828.9224327, 1751424828.9885504, 1751424829.0521219, 1751424829.1191127, 1751424829.1824574, 1751424829.2447538, 1751424829.3117943, 1751424829.3754427, 1751424829.4433587, 1751424829.5075414, 1751424829.5754554, 1751424829.6394317, 1751424829.7067134, 1751424829.7695968, 1751424829.8375175, 1751424829.9015768, 1751424829.9699454, 1751424830.0345008, 1751424830.1017942, 1751424830.1716564, 1751424830.2354043, 1751424830.3022943, 1751424830.366551, 1751424830.4348578, 1751424830.4987946, 1751424830.5670238, 1751424830.636085, 1751424830.7005396, 1751424830.7689369, 1751424830.8323364, 1751424830.9006658, 1751424830.9704914, 1751424831.0352073, 1751424831.102612, 1751424831.1690817, 1751424831.2386127, 1751424831.3079526, 1751424831.3767753, 1751424831.4480171, 1751424831.5185854, 1751424831.5888598, 1751424831.6552756, 1751424831.7227752, 1751424831.7930925, 1751424831.8637905, 1751424831.934135, 1751424832.0042353, 1751424832.0756316, 1751424832.1465602, 1751424832.2173798, 1751424832.2874835, 1751424832.3581016, 1751424832.4292908, 1751424832.500515, 1751424832.5710268, 1751424832.6413846, 1751424832.7072651, 1751424832.7763548, 1751424832.8458824, 1751424832.916289, 1751424832.9860532, 1751424833.0560923, 1751424833.1271336, 1751424833.1984794, 1751424833.2683184, 1751424833.3393729, 1751424833.409816, 1751424833.4807818, 1751424833.5514336, 1751424833.621959, 1751424833.6938193, 1751424833.765751, 1751424833.83716, 1751424833.906902, 1751424833.9763274, 1751424834.0469897, 1751424834.1178775, 1751424834.1881216, 1751424834.2589476, 1751424834.3301783, 1751424834.401513, 1751424834.4726346, 1751424834.543547, 1751424834.614806, 1751424834.6863098, 1751424834.7575748, 1751424834.8286066, 1751424834.9490404, 1751424835.0200946, 1751424835.0914893, 1751424835.1620855, 1751424835.2334356, 1751424835.3034642, 1751424835.373686, 1751424835.4444716, 1751424835.5153277, 1751424835.5858958, 1751424835.656773, 1751424835.7279983, 1751424835.800177, 1751424835.871058, 1751424835.9407704, 1751424836.0159423, 1751424836.0881624, 1751424836.161275, 1751424836.233662, 1751424836.3073907, 1751424836.38315, 1751424836.457329, 1751424836.529167, 1751424836.602289, 1751424836.6784284, 1751424836.753373, 1751424836.828869, 1751424836.9008663, 1751424836.9729664, 1751424837.0431468, 1751424837.1142273, 1751424837.1845665]"
451,158,293,"[1751424837.4732125, 1751424837.629642, 1751424837.6301656, 1751424837.6919227, 1751424837.7577055, 1751424837.8214335, 1751424837.8843503, 1751424837.9516604, 1751424838.0147438, 1751424838.080712, 1751424838.1459382, 1751424838.2144084, 1751424838.2773726, 1751424838.3391163, 1751424838.4015818, 1751424838.4691184, 1751424838.5386922, 1751424838.6019602, 1751424838.6686175, 1751424838.734427, 1751424838.8015654, 1751424838.8646195, 1751424838.9258342, 1751424838.9915886, 1751424839.0563092, 1751424839.1186802, 1751424839.1848323, 1751424839.24845, 1751424839.3130186, 1751424839.377977, 1751424839.441816, 1751424839.5085745, 1751424839.572136, 1751424839.6398017, 1751424839.7034674, 1751424839.7717493, 1751424839.8350067, 1751424839.901915, 1751424839.9659863, 1751424840.034833, 1751424840.0990386, 1751424840.166674, 1751424840.2305357, 1751424840.299316, 1751424840.3693454, 1751424840.4330573, 1751424840.5007493, 1751424840.5635874, 1751424840.6316469, 1751424840.6962886, 1751424840.7644017, 1751424840.8347938, 1751424840.9007814, 1751424840.9671707, 1751424841.0358603, 1751424841.09944, 1751424841.1671896, 1751424841.230855, 1751424841.2999272, 1751424841.3692374, 1751424841.433277, 1751424841.501628, 1751424841.566028, 1751424841.6303258, 1751424841.695487, 1751424841.7639654, 1751424841.830571, 1751424841.8982766, 1751424841.9684634, 1751424842.0394673, 1751424842.1093867, 1751424842.181069, 1751424842.2511876, 1751424842.3228455, 1751424842.39329, 1751424842.4644933, 1751424842.5336058, 1751424842.6037374, 1751424842.6747072]"
417,180,237,"[1751424842.9601104, 1751424843.0725217, 1751424843.0730464, 1751424843.1421442, 1751424843.2122874, 1751424843.2778916, 1751424843.341904, 1751424843.4040873, 1751424843.4653077, 1751424843.5272915, 1751424843.5914195, 1751424843.655245, 1751424843.718553, 1751424843.784808, 1751424843.848254, 1751424843.9116457, 1751424843.977796, 1751424844.0406117, 1751424844.1014338, 1751424844.162791, 1751424844.2261558, 1751424844.2916517, 1751424844.3545477, 1751424844.4178662, 1751424844.4841444, 1751424844.5467236, 1751424844.607613, 1751424844.6723855, 1751424844.7377694, 1751424844.8013911, 1751424844.8679557, 1751424844.9308665, 1751424844.994787, 1751424845.060949, 1751424845.1271718, 1751424845.192646, 1751424845.2564373, 1751424845.3229473, 1751424845.3861973, 1751424845.4538074, 1751424845.5177717, 1751424845.58624, 1751424845.6496255, 1751424845.7170558, 1751424845.780913, 1751424845.8489375, 1751424845.9122326, 1751424845.9801085, 1751424846.0441973, 1751424846.1122901, 1751424846.1757915, 1751424846.243702, 1751424846.3080275, 1751424846.3754237, 1751424846.4419475, 1751424846.5081434, 1751424846.5777862, 1751424846.642311, 1751424846.710078, 1751424846.780921, 1751424846.849544, 1751424846.9134324, 1751424846.9819963, 1751424847.0519934, 1751424847.1190674, 1751424847.1860955, 1751424847.2556179, 1751424847.3259478, 1751424847.3978899, 1751424847.468941, 1751424847.5403495, 1751424847.6111803, 1751424847.6827476, 1751424847.7534666, 1751424847.8227837, 1751424847.8927498, 1751424847.964031, 1751424848.033785, 1751424848.1042447, 1751424848.174001, 1751424848.2442217, 1751424848.3141744, 1751424848.3805406, 1751424848.4483395, 1751424848.51781, 1751424848.5884728, 1751424848.6588001, 1751424848.7303858, 1751424848.7973225, 1751424848.8644516]"
345,62,283,"[1751424849.1427753, 1751424849.2993042, 1751424849.299928, 1751424849.3662574, 1751424849.430291, 1751424849.4914215, 1751424849.5540042, 1751424849.6149282, 1751424849.6765964, 1751424849.7430437, 1751424849.8063247, 1751424849.8677213, 1751424849.9296174, 1751424849.9944592, 1751424850.0583794, 1751424850.1231759, 1751424850.1958637, 1751424850.260264, 1751424850.323343, 1751424850.3905122, 1751424850.4555998, 1751424850.5236306, 1751424850.592817, 1751424850.6552389, 1751424850.7176213, 1751424850.7840521, 1751424850.8489463, 1751424850.916232, 1751424850.9791317, 1751424851.0403721, 1751424851.107482]"
