total_saved,gc_saved,trie_atten_saved,time_took
1719,472,1247,"[1751437006.8010907, 1751437007.3231833, 1751437007.3601952, 1751437007.7315266, 1751437007.8201077, 1751437007.9001088, 1751437007.9816408, 1751437008.0560117, 1751437008.1313164, 1751437008.2050228, 1751437008.2833807, 1751437008.3574023, 1751437008.4351387, 1751437008.5135324, 1751437008.5939248, 1751437008.6715395, 1751437008.7498343, 1751437008.828786, 1751437008.9074671, 1751437008.9875746, 1751437009.067639, 1751437009.1421795, 1751437009.2211611, 1751437009.3005004, 1751437009.3809454, 1751437009.4608243, 1751437009.5415332, 1751437009.622813, 1751437009.7035031, 1751437009.7844157, 1751437009.9960623, 1751437010.0770268, 1751437010.1700146, 1751437010.250231, 1751437010.3315797, 1751437010.4126441, 1751437010.4921753, 1751437010.5726645, 1751437010.6534045, 1751437010.734114, 1751437010.8159487, 1751437010.9007375, 1751437010.9823568, 1751437011.0642936, 1751437011.14478, 1751437011.2247705, 1751437011.3057053, 1751437011.3863301, 1751437011.468357, 1751437011.5538723, 1751437011.6372185, 1751437011.7186303, 1751437011.7989516, 1751437011.8801355, 1751437011.9602005, 1751437012.0429566, 1751437012.2500076, 1751437012.3331347, 1751437012.4153252]"
1471,296,1175,"[1751437012.7812035, 1751437012.8779738, 1751437012.8789647, 1751437013.0781229, 1751437013.1540604, 1751437013.2312455, 1751437013.309074, 1751437013.3810637, 1751437013.458064, 1751437013.5316646, 1751437013.6104085, 1751437013.6858723, 1751437013.7628362, 1751437013.8408217, 1751437013.9144228, 1751437013.9922419, 1751437014.0661104, 1751437014.1453164, 1751437014.236616, 1751437014.3166347, 1751437014.3965297, 1751437014.481678, 1751437014.7643182, 1751437014.8440926, 1751437014.9211233, 1751437015.0009196, 1751437015.081317, 1751437015.1632907, 1751437015.2440014, 1751437015.3245404, 1751437015.404308, 1751437015.4855688, 1751437015.5659428, 1751437015.645602, 1751437015.727646, 1751437015.807875, 1751437015.887014]"
999,64,935,"[1751437016.219185, 1751437016.3220599, 1751437016.3228724, 1751437016.4780424, 1751437016.5567918, 1751437016.6332254, 1751437016.7048485, 1751437016.783418]"
1607,400,1207,"[1751437017.252784, 1751437017.3502324, 1751437017.3512292, 1751437017.550092, 1751437017.6295872, 1751437017.7092824, 1751437017.7818153, 1751437017.8599827, 1751437017.9323847, 1751437018.0102875, 1751437018.082713, 1751437018.16034, 1751437018.2362063, 1751437018.3263843, 1751437018.4047306, 1751437018.4815893, 1751437018.557724, 1751437018.6365428, 1751437018.7382052, 1751437018.8138082, 1751437018.8906019, 1751437018.971893, 1751437019.0545719, 1751437019.241726, 1751437019.3215828, 1751437019.4022253, 1751437019.480718, 1751437019.5619273, 1751437019.6417415, 1751437019.7218404, 1751437019.8043373, 1751437019.8874822, 1751437019.9673128, 1751437020.0463881, 1751437020.1261125, 1751437020.2079644, 1751437020.2880967, 1751437020.3691366, 1751437020.4490726, 1751437020.5298636, 1751437020.6108673, 1751437020.692462, 1751437020.7720907, 1751437020.8539023, 1751437020.933459, 1751437021.0144482, 1751437021.0940382, 1751437021.1749187, 1751437021.2555478, 1751437021.336872]"
1567,376,1191,"[1751437021.8103073, 1751437021.8995314, 1751437021.9003048, 1751437022.103016, 1751437022.174477, 1751437022.253397, 1751437022.329015, 1751437022.404272, 1751437022.475325, 1751437022.5541193, 1751437022.6263444, 1751437022.7009087, 1751437022.7765872, 1751437022.8519268, 1751437022.9279714, 1751437023.0036247, 1751437023.07928, 1751437023.157301, 1751437023.2318015, 1751437023.3103971, 1751437023.384834, 1751437023.4623847, 1751437023.5405886, 1751437023.6243815, 1751437023.7823548, 1751437023.8632674, 1751437023.9426477, 1751437024.018976, 1751437024.0954297, 1751437024.1752903, 1751437024.2565663, 1751437024.336929, 1751437024.417029, 1751437024.4983485, 1751437024.5783484, 1751437024.659369, 1751437024.7392156, 1751437024.8193152, 1751437024.8997297, 1751437024.980256, 1751437025.0622532, 1751437025.1420264, 1751437025.2224023, 1751437025.3029974, 1751437025.3834271, 1751437025.465463, 1751437025.5461428]"
1471,480,991,"[1751437025.8812268, 1751437026.1009986, 1751437026.1017828, 1751437026.2360346, 1751437026.314229, 1751437026.3922708, 1751437026.466326, 1751437026.5459828, 1751437026.6256921, 1751437026.7048945, 1751437026.7782612, 1751437026.8551605, 1751437026.9271557, 1751437026.9983292, 1751437027.0765834, 1751437027.1546683, 1751437027.235135, 1751437027.3123658, 1751437027.3913355, 1751437027.4703605, 1751437027.5497923, 1751437027.6299474, 1751437027.7090836, 1751437027.7835593, 1751437027.8626127, 1751437027.9418938, 1751437028.0183697, 1751437028.094838, 1751437028.2927892, 1751437028.369939, 1751437028.451276, 1751437028.5318034, 1751437028.617259, 1751437028.700274, 1751437028.7805655, 1751437028.8608978, 1751437028.9426463, 1751437029.0217705, 1751437029.101096, 1751437029.1816037, 1751437029.26332, 1751437029.3437536, 1751437029.4238825, 1751437029.504492, 1751437029.5825634, 1751437029.6655462, 1751437029.7461233, 1751437029.8264008, 1751437029.9086175, 1751437029.9897318, 1751437030.0711844, 1751437030.155081, 1751437030.2398374, 1751437030.320148, 1751437030.4006674, 1751437030.5989294, 1751437030.6826873, 1751437030.7633572, 1751437030.8436863, 1751437030.925016]"
1919,768,1151,"[1751437031.2615309, 1751437031.3542712, 1751437031.355048, 1751437031.5601356, 1751437031.6430492, 1751437031.7224984, 1751437031.8019273, 1751437031.8856769, 1751437031.9703379, 1751437032.0459259, 1751437032.123124, 1751437032.1945477, 1751437032.2691782, 1751437032.343939, 1751437032.4161685, 1751437032.4941647, 1751437032.5710402, 1751437032.6538613, 1751437032.8291018, 1751437032.9077876, 1751437032.9870522, 1751437033.0655441, 1751437033.1409001, 1751437033.220079, 1751437033.299675, 1751437033.3752136, 1751437033.4529448, 1751437033.5321612, 1751437033.6173754, 1751437033.705881, 1751437033.786486, 1751437033.8658612, 1751437033.9458435, 1751437034.0259228, 1751437034.1067843, 1751437034.1893415, 1751437034.2694428, 1751437034.3506942, 1751437034.4286072, 1751437034.5113597, 1751437034.5921605, 1751437034.6745305, 1751437034.7555711, 1751437034.8381052, 1751437035.0463915, 1751437035.1277993, 1751437035.2073781, 1751437035.2879887, 1751437035.3686066, 1751437035.4486601, 1751437035.5303533, 1751437035.6117187, 1751437035.6918607, 1751437035.7726393, 1751437035.8532374, 1751437035.9340706, 1751437036.0148535, 1751437036.0953104, 1751437036.1778045, 1751437036.2655551, 1751437036.3467157, 1751437036.4274678, 1751437036.5099683, 1751437036.597668, 1751437036.6806252, 1751437036.7631288, 1751437036.8505087, 1751437036.9342673, 1751437037.0247838, 1751437037.1181662, 1751437037.3033297, 1751437037.3872254, 1751437037.4757397, 1751437037.5587847, 1751437037.647645, 1751437037.7355762, 1751437037.819113, 1751437037.906772, 1751437037.9904797, 1751437038.0782235, 1751437038.1622705, 1751437038.2500541, 1751437038.3349593, 1751437038.422603, 1751437038.5126047, 1751437038.598854, 1751437038.6885438, 1751437038.7799942, 1751437038.8693645, 1751437038.957727, 1751437039.0457485, 1751437039.1352053, 1751437039.2228978, 1751437039.312498, 1751437039.5222073, 1751437039.6128643]"
1303,304,999,"[1751437039.971156, 1751437040.055163, 1751437040.0559406, 1751437040.223442, 1751437040.2966595, 1751437040.371506, 1751437040.447398, 1751437040.526955, 1751437040.6090128, 1751437040.6879928, 1751437040.7618766, 1751437040.84279, 1751437040.919935, 1751437040.996827, 1751437041.0733511, 1751437041.151447, 1751437041.229809, 1751437041.303217, 1751437041.3812108, 1751437041.4580421, 1751437041.5349035, 1751437041.614176, 1751437041.801862, 1751437041.8800282, 1751437041.9568255, 1751437042.0358648, 1751437042.1159506, 1751437042.194196, 1751437042.269474, 1751437042.3499353, 1751437042.4309428, 1751437042.5114536, 1751437042.5908504, 1751437042.6724882, 1751437042.7523289, 1751437042.8337495, 1751437042.9092145, 1751437042.9921155]"
1559,424,1135,"[1751437043.3282351, 1751437043.4168947, 1751437043.4176095, 1751437043.6216688, 1751437043.7000027, 1751437043.7776673, 1751437043.8604977, 1751437044.038036, 1751437044.1128564, 1751437044.1901855, 1751437044.2629323, 1751437044.3338015, 1751437044.4118352, 1751437044.485685, 1751437044.563326, 1751437044.6366966, 1751437044.714902, 1751437044.7901125, 1751437044.8678281, 1751437044.9479485, 1751437045.027203, 1751437045.1067498, 1751437045.1840742, 1751437045.2602592, 1751437045.338456, 1751437045.4154475, 1751437045.4916167, 1751437045.5706673, 1751437045.6505258, 1751437045.7321122, 1751437045.813256, 1751437045.8942049, 1751437045.974198, 1751437046.0544288, 1751437046.1372566, 1751437046.3260477, 1751437046.408493, 1751437046.4886353, 1751437046.5690641, 1751437046.6489723, 1751437046.7300053, 1751437046.8103168, 1751437046.8913667, 1751437046.9724083, 1751437047.0526726, 1751437047.1333017, 1751437047.213181, 1751437047.2951808, 1751437047.4356, 1751437047.5166674, 1751437047.5973678, 1751437047.677426, 1751437047.7587771]"
1375,320,1055,"[1751437048.1021948, 1751437048.197028, 1751437048.1978161, 1751437048.4021733, 1751437048.5812528, 1751437048.6576934, 1751437048.7346168, 1751437048.8149033, 1751437048.8936152, 1751437048.96665, 1751437049.0467799, 1751437049.1213686, 1751437049.1980948, 1751437049.2693775, 1751437049.3469756, 1751437049.4251132, 1751437049.5032747, 1751437049.5797281, 1751437049.654637, 1751437049.7315135, 1751437049.8102083, 1751437049.883957, 1751437049.962396, 1751437050.0434487, 1751437050.1199625, 1751437050.1961772, 1751437050.2763863, 1751437050.3551776, 1751437050.4355538, 1751437050.5154436, 1751437050.59824, 1751437050.8041155, 1751437050.8881721, 1751437050.9680054, 1751437051.0492477, 1751437051.1315684, 1751437051.2111712, 1751437051.2904804, 1751437051.371973, 1751437051.4517758]"
2879,1488,1391,"[1751437051.7810297, 1751437051.8797479, 1751437051.8805182, 1751437052.1097786, 1751437052.188018, 1751437052.2602255, 1751437052.3379087, 1751437052.4107778, 1751437052.4826736, 1751437052.5606358, 1751437052.6331735, 1751437052.7074332, 1751437052.7839594, 1751437052.8595915, 1751437053.047491, 1751437053.1264482, 1751437053.2059212, 1751437053.285698, 1751437053.364277, 1751437053.4389107, 1751437053.5184069, 1751437053.5982144, 1751437053.677023, 1751437053.75298, 1751437053.8304148, 1751437053.91072, 1751437053.989228, 1751437054.0663457, 1751437054.1444058, 1751437054.2237377, 1751437054.3030474, 1751437054.382568, 1751437054.4634504, 1751437054.543593, 1751437054.6234803, 1751437054.7053878, 1751437054.785294, 1751437054.8629396, 1751437054.9463677, 1751437055.0268207, 1751437055.1155925, 1751437055.278888, 1751437055.3642917, 1751437055.4499543, 1751437055.5314372, 1751437055.6127605, 1751437055.6932182, 1751437055.7732391, 1751437055.853298, 1751437055.9332993, 1751437056.0144567, 1751437056.094611, 1751437056.1791878, 1751437056.2656076, 1751437056.3473237, 1751437056.4281526, 1751437056.5097055, 1751437056.597588, 1751437056.6795442, 1751437056.759958, 1751437056.8402834, 1751437056.9212716, 1751437057.0021813, 1751437057.0829067, 1751437057.171239, 1751437057.2687976, 1751437057.3621218, 1751437057.524752, 1751437057.6069326, 1751437057.6969383, 1751437057.780503, 1751437057.8669274, 1751437057.9486177, 1751437058.0357358, 1751437058.1195092, 1751437058.2017787, 1751437058.2890522, 1751437058.37148, 1751437058.460723, 1751437058.5508842, 1751437058.639592, 1751437058.7276957, 1751437058.8163009, 1751437058.906631, 1751437058.9975643, 1751437059.0863056, 1751437059.174369, 1751437059.263555, 1751437059.3510716, 1751437059.4405606, 1751437059.5289593, 1751437059.6264863, 1751437060.0449572, 1751437060.134617, 1751437060.2245538, 1751437060.3148155, 1751437060.4051902, 1751437060.4974134, 1751437060.5875258, 1751437060.677178, 1751437060.7671497, 1751437060.8582735, 1751437060.9486902, 1751437061.0401034, 1751437061.1309092, 1751437061.2210443, 1751437061.3124352, 1751437061.402503, 1751437061.4936326, 1751437061.5841286, 1751437061.6754808, 1751437061.766479, 1751437061.8575583, 1751437061.9567409, 1751437062.0484898, 1751437062.2704828, 1751437062.362038, 1751437062.4535723, 1751437062.545498, 1751437062.640054, 1751437062.7330272, 1751437062.827231, 1751437062.9218283, 1751437063.0170758, 1751437063.11143, 1751437063.2078917, 1751437063.3030393, 1751437063.3989182, 1751437063.4944558, 1751437063.5907006, 1751437063.6937852, 1751437063.793437, 1751437063.8903666, 1751437063.987674, 1751437064.0847676, 1751437064.1827846, 1751437064.2811642, 1751437064.5117948, 1751437064.613087, 1751437064.7124503, 1751437064.8120606, 1751437064.9109209, 1751437065.0105166, 1751437065.1096206, 1751437065.2091186, 1751437065.3085434, 1751437065.4082448, 1751437065.5078118, 1751437065.608153, 1751437065.7087958, 1751437065.809378, 1751437065.910337, 1751437066.0119445, 1751437066.1163354, 1751437066.2205849, 1751437066.3225784, 1751437066.4247732, 1751437066.5273066, 1751437066.7471704, 1751437066.8541691, 1751437066.9571526, 1751437067.0606058, 1751437067.1639566, 1751437067.2738166, 1751437067.3800273, 1751437067.4843023, 1751437067.58955, 1751437067.6938305, 1751437067.8005853, 1751437067.9060807, 1751437068.0116043, 1751437068.1175308, 1751437068.2232118, 1751437068.3291278, 1751437068.4354517, 1751437068.5422027, 1751437068.6496742, 1751437068.757692, 1751437068.988318, 1751437069.0958629, 1751437069.2031503, 1751437069.3110447, 1751437069.4203608, 1751437069.5287385, 1751437069.6382759, 1751437069.7472854]"
1231,368,863,"[1751437070.138307, 1751437070.2187335, 1751437070.219539, 1751437070.400811, 1751437070.4754884, 1751437070.5511222, 1751437070.6313648, 1751437070.7069857, 1751437070.7830908, 1751437070.862922, 1751437070.942667, 1751437071.015289, 1751437071.222864, 1751437071.29732, 1751437071.3749495, 1751437071.4479191, 1751437071.5260575, 1751437071.6016977, 1751437071.6796806, 1751437071.758385, 1751437071.838242, 1751437071.9158144, 1751437071.991232, 1751437072.0684018, 1751437072.144568, 1751437072.2253928, 1751437072.303397, 1751437072.383608, 1751437072.4638503, 1751437072.5397666, 1751437072.6201813, 1751437072.7004445, 1751437072.7801538, 1751437072.8598773, 1751437072.939887, 1751437073.0202067, 1751437073.1000183, 1751437073.1802607, 1751437073.2621038, 1751437073.4645143, 1751437073.5450065, 1751437073.6364548, 1751437073.715816, 1751437073.796419, 1751437073.8768766, 1751437073.9583163]"
1367,296,1071,"[1751437074.2955258, 1751437074.3900256, 1751437074.3907988, 1751437074.594079, 1751437074.6724076, 1751437074.7464128, 1751437074.8254228, 1751437074.9045672, 1751437074.9793136, 1751437075.055957, 1751437075.1313922, 1751437075.2067726, 1751437075.2823267, 1751437075.359787, 1751437075.4393609, 1751437075.51858, 1751437075.5973473, 1751437075.879889, 1751437075.9681127, 1751437076.0457308, 1751437076.1243637, 1751437076.2030184, 1751437076.2833056, 1751437076.3647554, 1751437076.4458988, 1751437076.5273798, 1751437076.60774, 1751437076.6870947, 1751437076.7671702, 1751437076.8472688, 1751437076.9284935, 1751437077.0092938, 1751437077.089795, 1751437077.1700292, 1751437077.2525144, 1751437077.344598, 1751437077.4240625]"
1103,288,815,"[1751437077.783461, 1751437077.8655066, 1751437077.8662512, 1751437078.0429106, 1751437078.2740288, 1751437078.352081, 1751437078.430733, 1751437078.5106835, 1751437078.5925329, 1751437078.6706522, 1751437078.752618, 1751437078.831966, 1751437078.9071686, 1751437078.9840782, 1751437079.0622785, 1751437079.1365097, 1751437079.215053, 1751437079.2919276, 1751437079.3670335, 1751437079.4416502, 1751437079.5186875, 1751437079.5976818, 1751437079.6793272, 1751437079.7590926, 1751437079.838822, 1751437079.9173524, 1751437079.992413, 1751437080.0718188, 1751437080.1511762, 1751437080.2319694, 1751437080.3133664, 1751437080.5166578, 1751437080.5959377, 1751437080.6753871, 1751437080.7563906, 1751437080.8377388]"
999,272,727,"[1751437081.174015, 1751437081.3741632, 1751437081.375764, 1751437081.5146863, 1751437081.5940094, 1751437081.6691513, 1751437081.7451882, 1751437081.8220253, 1751437081.913703, 1751437082.0024278, 1751437082.0896952, 1751437082.1819673, 1751437082.2735124, 1751437082.3608027, 1751437082.4491444, 1751437082.5399563, 1751437082.762917, 1751437082.852912, 1751437082.9431782, 1751437083.0338783, 1751437083.1251886, 1751437083.215265, 1751437083.3058348, 1751437083.3963416, 1751437083.4866982, 1751437083.5788352, 1751437083.668746, 1751437083.758837, 1751437083.850138, 1751437083.9413378, 1751437084.0316656, 1751437084.1223218, 1751437084.2126234, 1751437084.3035653]"
999,200,799,"[1751437084.665844, 1751437084.755736, 1751437084.757198, 1751437085.0653577, 1751437085.150378, 1751437085.2338293, 1751437085.3209453, 1751437085.4095912, 1751437085.4931116, 1751437085.5826163, 1751437085.6739619, 1751437085.7642622, 1751437085.8534353, 1751437085.939559, 1751437086.0271637, 1751437086.1179733, 1751437086.2083666, 1751437086.2977386, 1751437086.3891432, 1751437086.4803407, 1751437086.5714054, 1751437086.662166, 1751437086.7533994, 1751437086.8458896, 1751437086.9387295]"
983,168,815,"[1751437087.351465, 1751437087.4457502, 1751437087.4467134, 1751437087.6225767, 1751437087.7098143, 1751437087.7997162, 1751437087.889347, 1751437087.9765089, 1751437088.0638897, 1751437088.1527812, 1751437088.2433724, 1751437088.3331683, 1751437088.4243395, 1751437088.526572, 1751437088.616165, 1751437088.7065928, 1751437088.7972057, 1751437088.8870842, 1751437088.9775329, 1751437089.0682411, 1751437089.1589353]"
2039,448,1591,"[1751437089.5765119, 1751437089.6934297, 1751437089.6942852, 1751437089.9598198, 1751437090.0516038, 1751437090.1379874, 1751437090.2264426, 1751437090.3112683, 1751437090.3997276, 1751437090.4894075, 1751437090.5734956, 1751437090.6612408, 1751437090.7506409, 1751437090.8399282, 1751437090.9279966, 1751437091.01424, 1751437091.103817, 1751437091.194687, 1751437091.2843778, 1751437091.3751757, 1751437091.465832, 1751437091.5582628, 1751437091.654139, 1751437091.971032, 1751437092.0647407, 1751437092.162334, 1751437092.253098, 1751437092.3435187, 1751437092.433567, 1751437092.5245428, 1751437092.6156907, 1751437092.7062, 1751437092.7974925, 1751437092.8878386, 1751437092.977897, 1751437093.0693212, 1751437093.1605208, 1751437093.2525084, 1751437093.3502107, 1751437093.4414978, 1751437093.5353804, 1751437093.6402755, 1751437093.7349176, 1751437093.8320103, 1751437093.9249225, 1751437094.0207918, 1751437094.2387362, 1751437094.3369238, 1751437094.4286058, 1751437094.5196798, 1751437094.6162755, 1751437094.7111113, 1751437094.8042207, 1751437094.9020956, 1751437094.9949987, 1751437095.09355]"
1175,216,959,"[1751437095.4492831, 1751437095.5462887, 1751437095.5472713, 1751437095.7015297, 1751437095.7898476, 1751437095.8743024, 1751437095.9607756, 1751437096.0471058, 1751437096.1408887, 1751437096.232626, 1751437096.4457898, 1751437096.5347378, 1751437096.6241155, 1751437096.712677, 1751437096.8014748, 1751437096.8884232, 1751437096.9780035, 1751437097.0680046, 1751437097.1595662, 1751437097.2509902, 1751437097.342234, 1751437097.4804578, 1751437097.5709157, 1751437097.6645443, 1751437097.7547982, 1751437097.845645, 1751437097.9356444]"
1975,880,1095,"[1751437098.2802675, 1751437098.3889415, 1751437098.3900194, 1751437098.72104, 1751437098.8097746, 1751437098.8933017, 1751437098.9823298, 1751437099.0721736, 1751437099.1545405, 1751437099.2437332, 1751437099.331026, 1751437099.4166, 1751437099.5054553, 1751437099.597835, 1751437099.6880763, 1751437099.7777998, 1751437099.8673186, 1751437099.957524, 1751437100.0480752, 1751437100.1388597, 1751437100.2303436, 1751437100.324387, 1751437100.4140341, 1751437100.5032973, 1751437100.593882, 1751437100.6858542, 1751437100.7836473, 1751437100.9565105, 1751437101.0471349, 1751437101.1379972, 1751437101.2287588, 1751437101.3188493, 1751437101.4098184, 1751437101.5026248, 1751437101.599759, 1751437101.6919732, 1751437101.7819576, 1751437101.8724518, 1751437101.963044, 1751437102.0532808, 1751437102.1441, 1751437102.2347434, 1751437102.328608, 1751437102.425773, 1751437102.5197308, 1751437102.6189637, 1751437102.7179027, 1751437102.8133037, 1751437102.9101942, 1751437103.0141819, 1751437103.19412, 1751437103.2920873, 1751437103.3879757, 1751437103.483942, 1751437103.5819714, 1751437103.6764996, 1751437103.7745626, 1751437103.869202, 1751437103.9676185, 1751437104.0668378, 1751437104.1665347, 1751437104.2643406, 1751437104.36247, 1751437104.4610538, 1751437104.5601163, 1751437104.6603281, 1751437104.7605178, 1751437104.8612912, 1751437104.9620075, 1751437105.0643566, 1751437105.1639493, 1751437105.2736945, 1751437105.4266996, 1751437105.5269983, 1751437105.628734, 1751437105.7290545, 1751437105.829258, 1751437105.9305196, 1751437106.0314672, 1751437106.132273, 1751437106.2326615, 1751437106.334811, 1751437106.4381864, 1751437106.5452588, 1751437106.6465986, 1751437106.7474189, 1751437106.8504987, 1751437106.9571614, 1751437107.05798, 1751437107.1589851, 1751437107.2778513, 1751437107.3846128, 1751437107.4922583, 1751437107.6054113, 1751437107.8757806, 1751437107.9821374, 1751437108.0861864, 1751437108.187562, 1751437108.2922916, 1751437108.4003577, 1751437108.5402114, 1751437108.6512773, 1751437108.7606688, 1751437108.8683836, 1751437108.9733315, 1751437109.0827425, 1751437109.1899598, 1751437109.295382, 1751437109.4047902, 1751437109.5137918]"
2367,784,1583,"[1751437109.8872616, 1751437110.168038, 1751437110.1695282, 1751437110.2727656, 1751437110.363111, 1751437110.4529603, 1751437110.5425975, 1751437110.6316342, 1751437110.7173488, 1751437110.8052862, 1751437110.8946462, 1751437110.9787862, 1751437111.067369, 1751437111.1563368, 1751437111.245581, 1751437111.3331134, 1751437111.4208455, 1751437111.510462, 1751437111.6006067, 1751437111.6916192, 1751437111.7816982, 1751437111.872138, 1751437111.9628034, 1751437112.055873, 1751437112.1457434, 1751437112.2439303, 1751437112.4145632, 1751437112.5065117, 1751437112.59789, 1751437112.688075, 1751437112.7906342, 1751437112.8834887, 1751437112.97901, 1751437113.0707064, 1751437113.161359, 1751437113.252948, 1751437113.342913, 1751437113.4338727, 1751437113.5242417, 1751437113.6149986, 1751437113.7084777, 1751437113.8060327, 1751437113.899676, 1751437113.9974241, 1751437114.091638, 1751437114.1893518, 1751437114.2822845, 1751437114.37985, 1751437114.477549, 1751437114.6570559, 1751437114.7561522, 1751437114.8534544, 1751437114.9540756, 1751437115.0479734, 1751437115.1458921, 1751437115.2447603, 1751437115.340435, 1751437115.4375467, 1751437115.5370271, 1751437115.6338234, 1751437115.7318718, 1751437115.8305728, 1751437115.9298499, 1751437116.030519, 1751437116.131333, 1751437116.231438, 1751437116.333148, 1751437116.4331667, 1751437116.5355685, 1751437116.6367483, 1751437116.8755155, 1751437116.9780295, 1751437117.0786998, 1751437117.1796613, 1751437117.2793918, 1751437117.3802269, 1751437117.4813, 1751437117.5923405, 1751437117.693572, 1751437117.7942793, 1751437117.8991013, 1751437118.0047884, 1751437118.1050816, 1751437118.2059953, 1751437118.3072898, 1751437118.4079967, 1751437118.512286, 1751437118.6197438, 1751437118.723135, 1751437118.8319647, 1751437118.9347765, 1751437119.1312718, 1751437119.237824, 1751437119.3457968, 1751437119.4556513, 1751437119.5652442, 1751437119.669053, 1751437119.776909]"
1583,344,1239,"[1751437120.1252544, 1751437120.2180533, 1751437120.218827, 1751437120.422542, 1751437120.5025334, 1751437120.5807836, 1751437120.6530774, 1751437120.727393, 1751437120.8034718, 1751437120.8756282, 1751437120.9495602, 1751437121.0252483, 1751437121.0972605, 1751437121.1754925, 1751437121.3644707, 1751437121.4398756, 1751437121.5173619, 1751437121.590886, 1751437121.668526, 1751437121.74386, 1751437121.8218954, 1751437121.9074106, 1751437121.9876218, 1751437122.063938, 1751437122.1422768, 1751437122.220267, 1751437122.296093, 1751437122.3743818, 1751437122.4537272, 1751437122.5343533, 1751437122.6155257, 1751437122.6950786, 1751437122.7761443, 1751437122.8565972, 1751437122.9386437, 1751437123.0214865, 1751437123.1004276, 1751437123.1796045, 1751437123.25927, 1751437123.3408675, 1751437123.4217517, 1751437123.5018988, 1751437123.7729838]"
1271,288,983,"[1751437124.1345167, 1751437124.2347836, 1751437124.2357452, 1751437124.381535, 1751437124.4531672, 1751437124.531242, 1751437124.6032438, 1751437124.6826303, 1751437124.7632487, 1751437124.8376107, 1751437124.9155273, 1751437124.995174, 1751437125.0694702, 1751437125.1462603, 1751437125.2190976, 1751437125.2971692, 1751437125.375214, 1751437125.4489539, 1751437125.5262172, 1751437125.6016543, 1751437125.6802728, 1751437125.758533, 1751437125.832378, 1751437125.9112298, 1751437126.1012583, 1751437126.1825109, 1751437126.2613041, 1751437126.3364913, 1751437126.4150746, 1751437126.4939833, 1751437126.57169, 1751437126.6487477, 1751437126.728212, 1751437126.8084123, 1751437126.88866, 1751437126.9704561]"
639,40,599,"[1751437127.3115928, 1751437127.394815, 1751437127.3957827, 1751437127.5467336, 1751437127.6243975]"
975,304,671,"[1751437127.942762, 1751437128.0388906, 1751437128.0401409, 1751437128.1941915, 1751437128.3791158, 1751437128.4534054, 1751437128.531867, 1751437128.6114073, 1751437128.692766, 1751437128.7663846, 1751437128.8440256, 1751437128.9229627, 1751437129.004514, 1751437129.083467, 1751437129.1568005, 1751437129.2336016, 1751437129.3077052, 1751437129.3855186, 1751437129.4601755, 1751437129.5388148, 1751437129.618, 1751437129.6984885, 1751437129.7776542, 1751437129.8591495, 1751437129.940595, 1751437130.0185835, 1751437130.0962539, 1751437130.176885, 1751437130.257992, 1751437130.337703, 1751437130.555083, 1751437130.6369362, 1751437130.71806, 1751437130.797443, 1751437130.87953, 1751437130.9608653, 1751437131.0408986, 1751437131.1206558]"
1783,520,1263,"[1751437131.4491243, 1751437131.5447354, 1751437131.5457177, 1751437131.7370002, 1751437131.824505, 1751437131.8996341, 1751437131.9755738, 1751437132.0480528, 1751437132.1229413, 1751437132.1986418, 1751437132.276432, 1751437132.3497236, 1751437132.4279993, 1751437132.502362, 1751437132.5803587, 1751437132.7812722, 1751437132.855303, 1751437132.9338973, 1751437133.0123246, 1751437133.0877216, 1751437133.1666894, 1751437133.2461524, 1751437133.3245323, 1751437133.4049315, 1751437133.4864414, 1751437133.5671422, 1751437133.6466897, 1751437133.7219753, 1751437133.7992592, 1751437133.8788688, 1751437133.9589517, 1751437134.0393004, 1751437134.120386, 1751437134.2015977, 1751437134.2814748, 1751437134.362282, 1751437134.4425657, 1751437134.523081, 1751437134.6034172, 1751437134.6855545, 1751437134.7660878, 1751437134.846536, 1751437135.0628285, 1751437135.1478975, 1751437135.2286704, 1751437135.3101661, 1751437135.390422, 1751437135.4720056, 1751437135.5551956, 1751437135.6419373, 1751437135.7236996, 1751437135.8039503, 1751437135.885656, 1751437135.9681365, 1751437136.0533452, 1751437136.1357844, 1751437136.2181304, 1751437136.3039334, 1751437136.388036, 1751437136.4691482, 1751437136.5494843, 1751437136.629961, 1751437136.710487, 1751437136.7914736, 1751437136.8738873]"
1199,272,927,"[1751437137.2172685, 1751437137.3698378, 1751437137.3706114, 1751437137.540319, 1751437137.6185544, 1751437137.6972895, 1751437137.7695146, 1751437137.847696, 1751437137.9277337, 1751437138.0078974, 1751437138.0799565, 1751437138.1520927, 1751437138.2312279, 1751437138.3046644, 1751437138.381085, 1751437138.4569762, 1751437138.5373597, 1751437138.615306, 1751437138.6942513, 1751437138.7756927, 1751437138.8547583, 1751437138.9333143, 1751437139.007224, 1751437139.0838184, 1751437139.1647835, 1751437139.2474754, 1751437139.3227897, 1751437139.4066312, 1751437139.5743165, 1751437139.652465, 1751437139.731819, 1751437139.8109322, 1751437139.891153, 1751437139.9724789]"
783,144,639,"[1751437140.3039682, 1751437140.3852391, 1751437140.3859985, 1751437140.5419, 1751437140.6194978, 1751437140.6970081, 1751437140.770539, 1751437140.8463225, 1751437140.9202063, 1751437140.9955075, 1751437141.0746064, 1751437141.1545537, 1751437141.2360082, 1751437141.3171384, 1751437141.3954086, 1751437141.4743826, 1751437141.5527456, 1751437141.631968]"
895,184,711,"[1751437142.0500538, 1751437142.1303256, 1751437142.131617, 1751437142.2843664, 1751437142.3598535, 1751437142.4318984, 1751437142.5037043, 1751437142.5830624, 1751437142.6552114, 1751437142.733497, 1751437142.805165, 1751437142.8848073, 1751437142.965179, 1751437143.0392332, 1751437143.1171184, 1751437143.1931584, 1751437143.2693126, 1751437143.3478346, 1751437143.424861, 1751437143.500754, 1751437143.5798326, 1751437143.6592681, 1751437143.7397735]"
1247,296,951,"[1751437144.177439, 1751437144.2677774, 1751437144.2693253, 1751437144.4374957, 1751437144.5091028, 1751437144.5870512, 1751437144.6583579, 1751437144.7320886, 1751437144.8115253, 1751437144.8898356, 1751437144.9607215, 1751437145.0322597, 1751437145.1098993, 1751437145.1822505, 1751437145.2555428, 1751437145.3330173, 1751437145.4124055, 1751437145.4884055, 1751437145.564795, 1751437145.642675, 1751437145.7165377, 1751437145.7949128, 1751437145.869167, 1751437145.947621, 1751437146.0258315, 1751437146.1015027, 1751437146.3009207, 1751437146.380503, 1751437146.4615722, 1751437146.5435252, 1751437146.625498, 1751437146.70565, 1751437146.7870338, 1751437146.8652322, 1751437146.943902, 1751437147.0245588, 1751437147.1039097]"
1327,168,1159,"[1751437147.4568634, 1751437147.5509691, 1751437147.5519533, 1751437147.754662, 1751437147.8315048, 1751437147.9090066, 1751437147.9879591, 1751437148.0625112, 1751437148.1332972, 1751437148.2054486, 1751437148.2831593, 1751437148.3556204, 1751437148.4357893, 1751437148.6061497, 1751437148.681598, 1751437148.7573543, 1751437148.8300254, 1751437148.9082768, 1751437148.9827602, 1751437149.059218, 1751437149.1346102]"
1399,352,1047,"[1751437149.458319, 1751437149.5492547, 1751437149.5500336, 1751437149.7588503, 1751437149.8353612, 1751437149.9062538, 1751437149.9776895, 1751437150.0573041, 1751437150.1360116, 1751437150.208338, 1751437150.2794278, 1751437150.3534656, 1751437150.4311957, 1751437150.5094495, 1751437150.5852175, 1751437150.6664975, 1751437150.8379242, 1751437150.9147596, 1751437150.9930246, 1751437151.0692105, 1751437151.1448908, 1751437151.223141, 1751437151.2970562, 1751437151.3754568, 1751437151.4553664, 1751437151.5373008, 1751437151.61746, 1751437151.697024, 1751437151.7782962, 1751437151.8590786, 1751437151.9492407, 1751437152.0315144, 1751437152.1119604, 1751437152.1910872, 1751437152.2710888, 1751437152.3522594, 1751437152.432762, 1751437152.513614, 1751437152.5935242, 1751437152.6744766, 1751437152.7552376, 1751437152.8355281, 1751437153.0523372, 1751437153.1378894]"
4887,2560,2327,"[1751437153.4713466, 1751437153.5550244, 1751437153.555878, 1751437153.933111, 1751437154.0083566, 1751437154.0871542, 1751437154.1583955, 1751437154.2351704, 1751437154.30786, 1751437154.3796802, 1751437154.4503894, 1751437154.522275, 1751437154.6008832, 1751437154.6770833, 1751437154.7530224, 1751437154.8327773, 1751437154.9124548, 1751437154.9884627, 1751437155.0639691, 1751437155.1387863, 1751437155.3761039, 1751437155.4549084, 1751437155.5285492, 1751437155.6074367, 1751437155.6832922, 1751437155.7603543, 1751437155.8391342, 1751437155.9188628, 1751437155.9980006, 1751437156.0747862, 1751437156.1543255, 1751437156.2329762, 1751437156.311645, 1751437156.3924646, 1751437156.472763, 1751437156.5547714, 1751437156.6344953, 1751437156.7151341, 1751437156.7960372, 1751437156.877187, 1751437156.9577205, 1751437157.0372036, 1751437157.1189477, 1751437157.199611, 1751437157.281544, 1751437157.3649266, 1751437157.4573815, 1751437157.6205676, 1751437157.7028675, 1751437157.7837687, 1751437157.8643074, 1751437157.944887, 1751437158.0247898, 1751437158.1050014, 1751437158.1854272, 1751437158.265928, 1751437158.3464723, 1751437158.4275618, 1751437158.5093975, 1751437158.592677, 1751437158.677985, 1751437158.7731128, 1751437158.8600795, 1751437158.9417212, 1751437159.022951, 1751437159.1052303, 1751437159.1917503, 1751437159.2819278, 1751437159.365372, 1751437159.4491403, 1751437159.5351198, 1751437159.6198971, 1751437159.830844, 1751437159.9171262, 1751437160.0017247, 1751437160.0877209, 1751437160.172946, 1751437160.25923, 1751437160.345438, 1751437160.43318, 1751437160.5197818, 1751437160.606647, 1751437160.694158, 1751437160.7828434, 1751437160.8737679, 1751437160.9619765, 1751437161.0504081, 1751437161.137936, 1751437161.225955, 1751437161.3151298, 1751437161.4048533, 1751437161.4943204, 1751437161.5828333, 1751437161.6719532, 1751437161.7610462, 1751437161.8510725, 1751437162.0641122, 1751437162.1545792, 1751437162.2450225, 1751437162.3358119, 1751437162.4268465, 1751437162.5176795, 1751437162.608535, 1751437162.699744, 1751437162.791326, 1751437162.884613, 1751437162.9778252, 1751437163.0711434, 1751437163.1634147, 1751437163.2556283, 1751437163.3486156, 1751437163.4437115, 1751437163.5384748, 1751437163.6346593, 1751437163.7285857, 1751437163.822505, 1751437163.9171724, 1751437164.0115328, 1751437164.1062183, 1751437164.3201542, 1751437164.4152176, 1751437164.5110822, 1751437164.606709, 1751437164.7030146, 1751437164.798722, 1751437164.8974774, 1751437164.9961753, 1751437165.095344, 1751437165.1925979, 1751437165.289665, 1751437165.387692, 1751437165.4851694, 1751437165.5833092, 1751437165.681325, 1751437165.7795622, 1751437165.8782978, 1751437165.9770548, 1751437166.076292, 1751437166.1753986, 1751437166.2747538, 1751437166.374606, 1751437166.587783, 1751437166.6907444, 1751437166.7912772, 1751437166.8920121, 1751437166.9929717, 1751437167.0942082, 1751437167.1966565, 1751437167.3005574, 1751437167.403307, 1751437167.5052104, 1751437167.607304, 1751437167.7099154, 1751437167.8127322, 1751437167.9157233, 1751437168.0201592, 1751437168.1237376, 1751437168.2277598, 1751437168.3317032, 1751437168.4360526, 1751437168.5442367, 1751437168.651603, 1751437168.7588952, 1751437169.0321918, 1751437169.1377733, 1751437169.2431207, 1751437169.348703, 1751437169.454319, 1751437169.5602982, 1751437169.6681595, 1751437169.7750416, 1751437169.8822317, 1751437169.9895074, 1751437170.0969625, 1751437170.204825, 1751437170.3127215, 1751437170.4206846, 1751437170.5298662, 1751437170.6409817, 1751437170.750903, 1751437170.85987, 1751437170.968955, 1751437171.0777466, 1751437171.382732, 1751437171.4950454, 1751437171.6051645, 1751437171.7156854, 1751437171.8264441, 1751437171.9374862, 1751437172.0486357, 1751437172.1595016, 1751437172.2709413, 1751437172.3824763, 1751437172.4942992, 1751437172.6061885, 1751437172.7185817, 1751437172.8309884, 1751437172.9440467, 1751437173.0580149, 1751437173.1718032, 1751437173.2855895, 1751437173.3993857, 1751437173.575639, 1751437173.6902797, 1751437173.8047826, 1751437173.9195125, 1751437174.0342546, 1751437174.1496158, 1751437174.264979, 1751437174.380741, 1751437174.4967945, 1751437174.61277, 1751437174.730895, 1751437174.8478198, 1751437174.9644253, 1751437175.0816975, 1751437175.199105, 1751437175.3166058, 1751437175.4343338, 1751437175.5521863, 1751437175.7862341, 1751437175.9068604, 1751437176.0252519, 1751437176.1442585, 1751437176.2633958, 1751437176.382715, 1751437176.5034509, 1751437176.6235304, 1751437176.7439406, 1751437176.8643165, 1751437176.9843125, 1751437177.1051738, 1751437177.2266755, 1751437177.3481462, 1751437177.4699802, 1751437177.5917282, 1751437177.714127, 1751437177.8362076, 1751437178.0445478, 1751437178.1680114, 1751437178.2919197, 1751437178.4151664, 1751437178.5390477, 1751437178.662923, 1751437178.7871554, 1751437178.9115543, 1751437179.0356805, 1751437179.1603003, 1751437179.2849147, 1751437179.4097178, 1751437179.5345697, 1751437179.660612, 1751437179.7865644, 1751437179.9127588, 1751437180.038576, 1751437180.2714698, 1751437180.3993576, 1751437180.5269113, 1751437180.6538775, 1751437180.781164, 1751437180.9087744, 1751437181.036601, 1751437181.1642637, 1751437181.2924838, 1751437181.420956, 1751437181.549582, 1751437181.6785264, 1751437181.807285, 1751437181.9367712, 1751437182.0681338, 1751437182.1974928, 1751437182.3276837, 1751437182.5030956, 1751437182.6358833, 1751437182.7665405, 1751437182.8983135, 1751437183.0300333, 1751437183.1614268, 1751437183.292423, 1751437183.4239366, 1751437183.555723, 1751437183.6880972, 1751437183.8204803, 1751437183.9544613, 1751437184.087389, 1751437184.2207682, 1751437184.3539004, 1751437184.4881566, 1751437184.6222582, 1751437184.9604962, 1751437185.0972364, 1751437185.2324948, 1751437185.3675594, 1751437185.5026588, 1751437185.6372492, 1751437185.7726722, 1751437185.908263, 1751437186.0454674, 1751437186.1814587, 1751437186.3178983, 1751437186.4547472, 1751437186.5920784, 1751437186.7288556, 1751437186.8659215, 1751437187.003748, 1751437187.2212906, 1751437187.3591943, 1751437187.4976876, 1751437187.63619, 1751437187.7750823, 1751437187.914625, 1751437188.058271, 1751437188.1979358, 1751437188.337728, 1751437188.4779258, 1751437188.618314, 1751437188.7588608, 1751437188.899149, 1751437189.03917, 1751437189.1805198]"
1839,384,1455,"[1751437189.7265596, 1751437189.831346, 1751437189.8323205, 1751437190.0652142, 1751437190.1433794, 1751437190.2223551, 1751437190.2954762, 1751437190.3734295, 1751437190.4511771, 1751437190.5278769, 1751437190.6066654, 1751437190.6860974, 1751437190.7659073, 1751437190.8447714, 1751437190.919992, 1751437190.9969497, 1751437191.0748506, 1751437191.148336, 1751437191.225848, 1751437191.2993977, 1751437191.376929, 1751437191.4520848, 1751437191.6506796, 1751437191.7305393, 1751437191.810019, 1751437191.894791, 1751437191.9742274, 1751437192.0529974, 1751437192.131954, 1751437192.2122285, 1751437192.2934575, 1751437192.3738792, 1751437192.4543676, 1751437192.5353694, 1751437192.6159775, 1751437192.6971893, 1751437192.7768083, 1751437192.857313, 1751437192.9383025, 1751437193.0190213, 1751437193.1009786, 1751437193.1807225, 1751437193.261458, 1751437193.3416126, 1751437193.4228275, 1751437193.503418, 1751437193.5816352, 1751437193.664986]"
935,96,839,"[1751437194.13572, 1751437194.2175772, 1751437194.2183561, 1751437194.391091, 1751437194.463937, 1751437194.5411913, 1751437194.6141675, 1751437194.6927073, 1751437194.7653935, 1751437194.843811, 1751437194.9225187, 1751437194.9958758]"
959,48,911,"[1751437195.3260045, 1751437195.408528, 1751437195.4093003, 1751437195.5781403, 1751437195.6580613, 1751437195.7317746]"
1231,344,887,"[1751437196.0676157, 1751437196.191759, 1751437196.1924398, 1751437196.3641825, 1751437196.44332, 1751437196.5191364, 1751437196.594299, 1751437196.6670039, 1751437196.7460093, 1751437196.826108, 1751437196.9064476, 1751437196.980122, 1751437197.058803, 1751437197.1334858, 1751437197.2096372, 1751437197.2862306, 1751437197.3653226, 1751437197.443858, 1751437197.5221138, 1751437197.6014578, 1751437197.6825507, 1751437197.762969, 1751437197.8404639, 1751437197.9166896, 1751437197.9947941, 1751437198.072464, 1751437198.149896, 1751437198.3589606, 1751437198.4383612, 1751437198.5203402, 1751437198.601217, 1751437198.6776423, 1751437198.7882843, 1751437198.8730748, 1751437198.9526312, 1751437199.0346947, 1751437199.1145024, 1751437199.1958127, 1751437199.2769883, 1751437199.3568995, 1751437199.4371963, 1751437199.517449, 1751437199.5985954]"
1559,320,1239,"[1751437199.9325364, 1751437200.030277, 1751437200.0310404, 1751437200.2156749, 1751437200.2952318, 1751437200.3737257, 1751437200.4447649, 1751437200.5212336, 1751437200.6034243, 1751437200.8634944, 1751437200.9398396, 1751437201.0174234, 1751437201.0909405, 1751437201.1685703, 1751437201.2411728, 1751437201.3198493, 1751437201.3967059, 1751437201.474064, 1751437201.5564184, 1751437201.6372004, 1751437201.716628, 1751437201.7988482, 1751437201.8762615, 1751437201.9558394, 1751437202.0364518, 1751437202.1176033, 1751437202.19792, 1751437202.277774, 1751437202.357274, 1751437202.4370103, 1751437202.5181925, 1751437202.5983152, 1751437202.6791193, 1751437202.760681, 1751437202.8409762, 1751437202.9278636, 1751437203.1088552, 1751437203.1930537, 1751437203.273589, 1751437203.354246]"
2567,1048,1519,"[1751437203.6855824, 1751437203.7958367, 1751437203.7968159, 1751437204.0141943, 1751437204.0905142, 1751437204.1627066, 1751437204.240287, 1751437204.3140335, 1751437204.3920634, 1751437204.4655538, 1751437204.543325, 1751437204.6146674, 1751437204.6878188, 1751437204.7654288, 1751437204.8396406, 1751437204.9178894, 1751437204.9965854, 1751437205.0692668, 1751437205.1474578, 1751437205.334495, 1751437205.4126332, 1751437205.4990203, 1751437205.5754573, 1751437205.6533256, 1751437205.7318091, 1751437205.8129053, 1751437205.8924184, 1751437205.9692142, 1751437206.0464814, 1751437206.1259236, 1751437206.206195, 1751437206.286663, 1751437206.3667376, 1751437206.447599, 1751437206.5292091, 1751437206.6105072, 1751437206.6911538, 1751437206.7712886, 1751437206.8527567, 1751437206.935465, 1751437207.0211687, 1751437207.1039581, 1751437207.1847959, 1751437207.2752967, 1751437207.3559413, 1751437207.5579114, 1751437207.637187, 1751437207.717628, 1751437207.7981, 1751437207.8790195, 1751437207.9595773, 1751437208.040408, 1751437208.1206393, 1751437208.2010493, 1751437208.2817693, 1751437208.366494, 1751437208.4528248, 1751437208.5369074, 1751437208.6240294, 1751437208.7058306, 1751437208.7875266, 1751437208.8753636, 1751437208.9572766, 1751437209.0383532, 1751437209.1191654, 1751437209.199877, 1751437209.280346, 1751437209.365535, 1751437209.4509225, 1751437209.5324833, 1751437209.6177623, 1751437209.803401, 1751437209.8855968, 1751437209.9718013, 1751437210.0566592, 1751437210.144221, 1751437210.2269595, 1751437210.315137, 1751437210.398256, 1751437210.486293, 1751437210.570032, 1751437210.6588352, 1751437210.7445748, 1751437210.8320637, 1751437210.9214983, 1751437211.010792, 1751437211.0968885, 1751437211.1838553, 1751437211.2721705, 1751437211.3619416, 1751437211.4487815, 1751437211.5371206, 1751437211.6257532, 1751437211.7166493, 1751437211.8065536, 1751437212.035298, 1751437212.1347737, 1751437212.2286682, 1751437212.32193, 1751437212.4128537, 1751437212.5035398, 1751437212.5944777, 1751437212.6837895, 1751437212.7745075, 1751437212.8650138, 1751437212.9559448, 1751437213.0466907, 1751437213.1376941, 1751437213.229259, 1751437213.320456, 1751437213.410952, 1751437213.5017247, 1751437213.5926197, 1751437213.6923454, 1751437213.783612, 1751437213.8746812, 1751437213.9657967, 1751437214.0580752, 1751437214.2734091, 1751437214.368166, 1751437214.4601002, 1751437214.5522883, 1751437214.644866, 1751437214.738637, 1751437214.8340042, 1751437214.932318, 1751437215.0261333, 1751437215.1229923, 1751437215.2175171, 1751437215.3125408, 1751437215.4081604]"
1975,944,1031,"[1751437215.799505, 1751437215.8924656, 1751437215.8934433, 1751437216.0960822, 1751437216.1723053, 1751437216.2439551, 1751437216.3182983, 1751437216.3976276, 1751437216.480121, 1751437216.7527068, 1751437216.8281279, 1751437216.9064639, 1751437216.9822443, 1751437217.0634072, 1751437217.141863, 1751437217.2312095, 1751437217.307362, 1751437217.3891225, 1751437217.4670854, 1751437217.5469227, 1751437217.6245997, 1751437217.7051482, 1751437217.7852519, 1751437217.8645978, 1751437217.9447982, 1751437218.0250933, 1751437218.1064756, 1751437218.1875856, 1751437218.266958, 1751437218.34713, 1751437218.42853, 1751437218.5102625, 1751437218.5915525, 1751437218.6714516, 1751437218.750606, 1751437218.9627755, 1751437219.0435073, 1751437219.1233609, 1751437219.204402, 1751437219.28467, 1751437219.3653352, 1751437219.4457252, 1751437219.5261576, 1751437219.6075437, 1751437219.6879723, 1751437219.7688582, 1751437219.8493195, 1751437219.930166, 1751437220.010813, 1751437220.09143, 1751437220.1724539, 1751437220.2539663, 1751437220.3351676, 1751437220.42149, 1751437220.50313, 1751437220.5845697, 1751437220.6643498, 1751437220.74689, 1751437220.8301258, 1751437220.9186795, 1751437221.0016026, 1751437221.0940418, 1751437221.2932613, 1751437221.3810878, 1751437221.4635758, 1751437221.5505607, 1751437221.6333456, 1751437221.721516, 1751437221.803061, 1751437221.887076, 1751437221.9759622, 1751437222.0638766, 1751437222.1460767, 1751437222.2280235, 1751437222.3160756, 1751437222.399079, 1751437222.4853685, 1751437222.57319, 1751437222.660047, 1751437222.7474806, 1751437222.831978, 1751437222.9185011, 1751437223.003629, 1751437223.0934057, 1751437223.1844773, 1751437223.2748585, 1751437223.504699, 1751437223.5965798, 1751437223.686289, 1751437223.7764997, 1751437223.8658516, 1751437223.9534845, 1751437224.0416925, 1751437224.1311743, 1751437224.2186425, 1751437224.307283, 1751437224.3961403, 1751437224.4848387, 1751437224.5742013, 1751437224.6658795, 1751437224.7550335, 1751437224.8455849, 1751437224.9365387, 1751437225.0279899, 1751437225.117408, 1751437225.2084491, 1751437225.2988267, 1751437225.390014, 1751437225.4810176, 1751437225.571584, 1751437225.7785873, 1751437225.8725681, 1751437225.9636497, 1751437226.0551, 1751437226.1464138, 1751437226.2377062, 1751437226.332789, 1751437226.4277284]"
2063,536,1527,"[1751437226.7847664, 1751437226.8938384, 1751437226.8948188, 1751437227.115656, 1751437227.192861, 1751437227.2727723, 1751437227.351014, 1751437227.4255834, 1751437227.504099, 1751437227.579287, 1751437227.6555886, 1751437227.7311592, 1751437227.807495, 1751437228.0097046, 1751437228.0879283, 1751437228.1637337, 1751437228.240434, 1751437228.317843, 1751437228.3906167, 1751437228.4708004, 1751437228.5509017, 1751437228.6315413, 1751437228.7129667, 1751437228.7925498, 1751437228.8734605, 1751437228.9540296, 1751437229.0327463, 1751437229.112721, 1751437229.1930995, 1751437229.2742963, 1751437229.3562071, 1751437229.4370427, 1751437229.5174532, 1751437229.5955074, 1751437229.6729486, 1751437229.7539976, 1751437229.833404, 1751437229.913124, 1751437229.9935973, 1751437230.0831044, 1751437230.2409942, 1751437230.3233721, 1751437230.4035676, 1751437230.4852924, 1751437230.5654128, 1751437230.6469138, 1751437230.7266388, 1751437230.8073459, 1751437230.888111, 1751437230.9697762, 1751437231.0498328, 1751437231.1301134, 1751437231.2113013, 1751437231.2942197, 1751437231.381133, 1751437231.4628136, 1751437231.5440512, 1751437231.6242044, 1751437231.7039661, 1751437231.7855945, 1751437231.8653412, 1751437231.9461477, 1751437232.0274394, 1751437232.1083648, 1751437232.1898112, 1751437232.2699182, 1751437232.4738579]"
1567,104,1463,"[1751437232.8205569, 1751437232.9252982, 1751437232.9262657, 1751437233.151001, 1751437233.2270792, 1751437233.298982, 1751437233.3770401, 1751437233.449111, 1751437233.5267122, 1751437233.6015065, 1751437233.678978, 1751437233.7536469, 1751437233.8308864]"
1279,160,1119,"[1751437234.1642518, 1751437234.255828, 1751437234.25683, 1751437234.4579012, 1751437234.545328, 1751437234.7075698, 1751437234.786079, 1751437234.8607228, 1751437234.9388433, 1751437235.0146267, 1751437235.0904655, 1751437235.1682808, 1751437235.2419677, 1751437235.3172152, 1751437235.3921056, 1751437235.4680543, 1751437235.544887, 1751437235.62401, 1751437235.7021341, 1751437235.7778225]"
1743,232,1511,"[1751437236.102258, 1751437236.210657, 1751437236.2116232, 1751437236.435877, 1751437236.5135534, 1751437236.5985358, 1751437236.6739616, 1751437236.7563732, 1751437236.9351203, 1751437237.014016, 1751437237.08743, 1751437237.1652143, 1751437237.2391143, 1751437237.3176277, 1751437237.3934898, 1751437237.4692388, 1751437237.5482156, 1751437237.6255422, 1751437237.7015219, 1751437237.7805328, 1751437237.8540232, 1751437237.9313009, 1751437238.0096352, 1751437238.084183, 1751437238.1620035, 1751437238.243101, 1751437238.3226347, 1751437238.4117038, 1751437238.4879572]"
1327,344,983,"[1751437238.834743, 1751437238.9185681, 1751437238.919179, 1751437239.2017365, 1751437239.274159, 1751437239.351463, 1751437239.4235277, 1751437239.5031512, 1751437239.5839486, 1751437239.6613955, 1751437239.7371955, 1751437239.813822, 1751437239.8892546, 1751437239.9672198, 1751437240.0433226, 1751437240.1190722, 1751437240.198217, 1751437240.2742333, 1751437240.3495953, 1751437240.4286962, 1751437240.5051966, 1751437240.5829892, 1751437240.66186, 1751437240.7410288, 1751437240.8205566, 1751437240.9014018, 1751437240.9790037, 1751437241.0580025, 1751437241.1368709, 1751437241.216244, 1751437241.42737, 1751437241.505733, 1751437241.5871408, 1751437241.6680107, 1751437241.7485163, 1751437241.8295226, 1751437241.91939, 1751437242.0018802, 1751437242.0814075, 1751437242.1612659, 1751437242.241503, 1751437242.3213909, 1751437242.4020846]"
759,136,623,"[1751437242.7310143, 1751437242.8130813, 1751437242.8138537, 1751437242.947098, 1751437243.0204847, 1751437243.1013188, 1751437243.1777353, 1751437243.254037, 1751437243.3301098, 1751437243.4083693, 1751437243.4832096, 1751437243.7001903, 1751437243.7863293, 1751437243.871789, 1751437243.9466171, 1751437244.0254064, 1751437244.1036747]"
2175,552,1623,"[1751437244.423625, 1751437244.532504, 1751437244.5334742, 1751437244.7865803, 1751437244.8659484, 1751437244.943948, 1751437245.0210235, 1751437245.0960643, 1751437245.1740117, 1751437245.2478144, 1751437245.324858, 1751437245.3983452, 1751437245.476897, 1751437245.5552742, 1751437245.6301873, 1751437245.7074382, 1751437245.977956, 1751437246.0556886, 1751437246.1307414, 1751437246.20881, 1751437246.2830617, 1751437246.3613038, 1751437246.4359188, 1751437246.5148594, 1751437246.5937219, 1751437246.6732326, 1751437246.752909, 1751437246.831239, 1751437246.9084542, 1751437246.9879704, 1751437247.0675519, 1751437247.1479168, 1751437247.2289104, 1751437247.3116844, 1751437247.391955, 1751437247.4795527, 1751437247.562008, 1751437247.6425767, 1751437247.7228415, 1751437247.803124, 1751437247.884715, 1751437247.966669, 1751437248.0455737, 1751437248.2643368, 1751437248.3469832, 1751437248.4285893, 1751437248.564392, 1751437248.6500962, 1751437248.7309442, 1751437248.8117173, 1751437248.8922794, 1751437248.9758527, 1751437249.0613544, 1751437249.1433651, 1751437249.223661, 1751437249.3046386, 1751437249.3850713, 1751437249.4658744, 1751437249.5464118, 1751437249.6280837, 1751437249.7085488, 1751437249.7912767, 1751437249.8770185, 1751437249.9598064, 1751437250.0413053, 1751437250.129332, 1751437250.2116132, 1751437250.2930262, 1751437250.493167]"
991,136,855,"[1751437250.8509154, 1751437250.9343042, 1751437250.935083, 1751437251.102936, 1751437251.1783922, 1751437251.2499774, 1751437251.3272512, 1751437251.4008994, 1751437251.47837, 1751437251.5594902, 1751437251.639697, 1751437251.712451, 1751437251.7913349, 1751437251.8664467, 1751437251.94327, 1751437252.0220182, 1751437252.103257]"
895,72,823,"[1751437252.429141, 1751437252.509776, 1751437252.5105464, 1751437252.77569, 1751437252.8492692, 1751437252.9215713, 1751437252.9992592, 1751437253.0720222, 1751437253.1464956]"
1271,176,1095,"[1751437253.468132, 1751437253.560054, 1751437253.5608356, 1751437253.7654643, 1751437253.8418674, 1751437253.9184046, 1751437253.996865, 1751437254.0764606, 1751437254.1490014, 1751437254.2227123, 1751437254.3002794, 1751437254.3716383, 1751437254.4496045, 1751437254.5232701, 1751437254.6007879, 1751437254.681447, 1751437254.755914, 1751437254.9615488, 1751437255.0383503, 1751437255.1147182, 1751437255.1901023, 1751437255.2680082]"
1303,328,975,"[1751437255.5955017, 1751437255.6824026, 1751437255.6831713, 1751437255.8530772, 1751437255.9318786, 1751437256.0061836, 1751437256.0842664, 1751437256.1638706, 1751437256.2445626, 1751437256.3240788, 1751437256.397949, 1751437256.4779618, 1751437256.556463, 1751437256.6339965, 1751437256.7069893, 1751437256.780235, 1751437256.8583086, 1751437256.9359663, 1751437257.0097716, 1751437257.2098804, 1751437257.2876182, 1751437257.3645504, 1751437257.4430864, 1751437257.5211804, 1751437257.5972974, 1751437257.674046, 1751437257.7526033, 1751437257.832505, 1751437257.914216, 1751437257.9943948, 1751437258.0749006, 1751437258.151888, 1751437258.2287676, 1751437258.3085043, 1751437258.3882053, 1751437258.471218, 1751437258.5504408, 1751437258.6308694, 1751437258.7111893, 1751437258.7912843, 1751437258.8726346]"
1463,232,1231,"[1751437259.215211, 1751437259.4536934, 1751437259.4548657, 1751437259.5380797, 1751437259.6158676, 1751437259.693618, 1751437259.7691085, 1751437259.8401105, 1751437259.9115965, 1751437259.9872296, 1751437260.061727, 1751437260.1332617, 1751437260.2086785, 1751437260.2829595, 1751437260.355239, 1751437260.4279566, 1751437260.505189, 1751437260.5802448, 1751437260.6554997, 1751437260.7289333, 1751437260.8069181, 1751437260.8855085, 1751437260.9621332, 1751437261.0376916, 1751437261.1176288, 1751437261.198286, 1751437261.2786283, 1751437261.3585567, 1751437261.4404352]"
1047,160,887,"[1751437261.786738, 1751437262.0455947, 1751437262.046386, 1751437262.2103682, 1751437262.2882931, 1751437262.3611624, 1751437262.4383483, 1751437262.5106983, 1751437262.589618, 1751437262.6695156, 1751437262.7456367, 1751437262.8218694, 1751437262.8977094, 1751437262.9743094, 1751437263.051949, 1751437263.1251848, 1751437263.2031806, 1751437263.2796059, 1751437263.3567553, 1751437263.4347892]"
727,48,679,"[1751437263.762923, 1751437263.8427505, 1751437263.8443696, 1751437263.9913056, 1751437264.2696073, 1751437264.3451436]"
1583,208,1375,"[1751437264.6630156, 1751437264.765791, 1751437264.7667582, 1751437265.006513, 1751437265.0850904, 1751437265.157358, 1751437265.228486, 1751437265.3062668, 1751437265.3791573, 1751437265.452435, 1751437265.5298045, 1751437265.6039515, 1751437265.6804316, 1751437265.751523, 1751437265.8259096, 1751437265.901514, 1751437265.973977, 1751437266.0526228, 1751437266.1307886, 1751437266.2048914, 1751437266.282496, 1751437266.3646493, 1751437266.5244205, 1751437266.605958, 1751437266.6854448, 1751437266.7618203]"
927,256,671,"[1751437267.1008322, 1751437267.180998, 1751437267.1823223, 1751437267.325871, 1751437267.4029346, 1751437267.4741063, 1751437267.6015465, 1751437267.6831326, 1751437267.7584267, 1751437267.835908, 1751437267.9114435, 1751437267.989341, 1751437268.069292, 1751437268.1482728, 1751437268.223144, 1751437268.2999835, 1751437268.3815734, 1751437268.4616861, 1751437268.5389419, 1751437268.744025, 1751437268.8227587, 1751437268.9006896, 1751437268.9765954, 1751437269.0563617, 1751437269.134882, 1751437269.2150087, 1751437269.2943516, 1751437269.3740513, 1751437269.4510763, 1751437269.5285077, 1751437269.608596, 1751437269.6882384]"
1167,176,991,"[1751437270.0160844, 1751437270.1010215, 1751437270.1018076, 1751437270.251761, 1751437270.3239715, 1751437270.394727, 1751437270.4684608, 1751437270.5459528, 1751437270.6249743, 1751437270.6996014, 1751437270.7761018, 1751437270.9782736, 1751437271.0531611, 1751437271.12897, 1751437271.2035985, 1751437271.2806766, 1751437271.3550284, 1751437271.432172, 1751437271.5079281, 1751437271.5830908, 1751437271.6622064, 1751437271.7371652]"
1151,200,951,"[1751437272.0710366, 1751437272.1555934, 1751437272.1563725, 1751437272.3198707, 1751437272.3974936, 1751437272.4714656, 1751437272.5492613, 1751437272.6245394, 1751437272.7061288, 1751437272.7861707, 1751437272.86294, 1751437272.9395833, 1751437273.0179038, 1751437273.223099, 1751437273.2992485, 1751437273.3758137, 1751437273.4514318, 1751437273.528891, 1751437273.6076252, 1751437273.693014, 1751437273.7702806, 1751437273.8485954, 1751437273.9249678, 1751437274.0020454, 1751437274.0801415]"
1375,208,1167,"[1751437274.409509, 1751437274.5035024, 1751437274.5042667, 1751437274.6995444, 1751437274.7795262, 1751437274.8584049, 1751437274.9361794, 1751437275.0081985, 1751437275.0794399, 1751437275.1534336, 1751437275.2294686, 1751437275.315341, 1751437275.4709253, 1751437275.5462687, 1751437275.62378, 1751437275.695232, 1751437275.7726216, 1751437275.845742, 1751437275.9202125, 1751437275.996251, 1751437276.0708058, 1751437276.1473, 1751437276.2229006, 1751437276.2983916, 1751437276.3764849, 1751437276.4535706]"
1135,376,759,"[1751437276.7802284, 1751437276.8614788, 1751437276.8627355, 1751437277.004065, 1751437277.0759757, 1751437277.148985, 1751437277.228889, 1751437277.308719, 1751437277.3875105, 1751437277.4674416, 1751437277.5401254, 1751437277.6251705, 1751437277.9199517, 1751437277.9969587, 1751437278.073975, 1751437278.1524673, 1751437278.229208, 1751437278.3079798, 1751437278.3883996, 1751437278.4691565, 1751437278.5496473, 1751437278.6306646, 1751437278.7095456, 1751437278.7881405, 1751437278.8666632, 1751437278.9419522, 1751437279.019207, 1751437279.0972388, 1751437279.1727633, 1751437279.2529325, 1751437279.3335977, 1751437279.4135761, 1751437279.4935327, 1751437279.5749683, 1751437279.6557968, 1751437279.73725, 1751437279.817264, 1751437279.8972619, 1751437279.977189, 1751437280.1916711, 1751437280.2719336, 1751437280.3515387, 1751437280.4424984, 1751437280.5222442, 1751437280.6022067, 1751437280.6851547, 1751437280.766737]"
1159,152,1007,"[1751437281.108792, 1751437281.1977947, 1751437281.1985242, 1751437281.352127, 1751437281.4296985, 1751437281.5021915, 1751437281.580366, 1751437281.6601365, 1751437281.7375958, 1751437281.8124106, 1751437281.8841221, 1751437281.9546027, 1751437282.028875, 1751437282.1041803, 1751437282.1791773, 1751437282.2619321, 1751437282.4261284, 1751437282.5037818, 1751437282.57788]"
1151,184,967,"[1751437282.9032915, 1751437282.9889557, 1751437282.9897292, 1751437283.141254, 1751437283.213224, 1751437283.2853658, 1751437283.3640783, 1751437283.4441798, 1751437283.523566, 1751437283.616251, 1751437283.6945102, 1751437283.7713213, 1751437283.8481317, 1751437283.922243, 1751437283.9986587, 1751437284.0758727, 1751437284.1511147, 1751437284.2287936, 1751437284.302242, 1751437284.3798847, 1751437284.4533622, 1751437284.6526244, 1751437284.7287488]"
1327,208,1119,"[1751437285.0568926, 1751437285.146475, 1751437285.1472642, 1751437285.344462, 1751437285.420668, 1751437285.4919386, 1751437285.5718977, 1751437285.65141, 1751437285.7239127, 1751437285.79803, 1751437285.875609, 1751437285.9541767, 1751437286.0293105, 1751437286.1066694, 1751437286.1845338, 1751437286.258714, 1751437286.3380795, 1751437286.417635, 1751437286.4931207, 1751437286.5821316, 1751437286.6611454, 1751437286.861866, 1751437286.9409788, 1751437287.0171087, 1751437287.093675, 1751437287.1743784]"
2103,656,1447,"[1751437287.5082235, 1751437287.6094482, 1751437287.6104605, 1751437287.8320608, 1751437287.9101489, 1751437287.982318, 1751437288.0604498, 1751437288.1339934, 1751437288.2122314, 1751437288.2846134, 1751437288.3632407, 1751437288.4415202, 1751437288.5340106, 1751437288.6273296, 1751437288.7058716, 1751437288.784086, 1751437288.8594668, 1751437288.9450207, 1751437289.120777, 1751437289.201028, 1751437289.2798214, 1751437289.3600512, 1751437289.4400232, 1751437289.5229394, 1751437289.6140108, 1751437289.7049983, 1751437289.7940445, 1751437289.8857913, 1751437289.9729915, 1751437290.066588, 1751437290.1582623, 1751437290.2486212, 1751437290.3392727, 1751437290.430263, 1751437290.509476, 1751437290.590716, 1751437290.6695096, 1751437290.7504585, 1751437290.831029, 1751437290.9123528, 1751437290.9933722, 1751437291.0735877, 1751437291.153902, 1751437291.3559604, 1751437291.436469, 1751437291.517376, 1751437291.5982661, 1751437291.6786444, 1751437291.7587683, 1751437291.8390927, 1751437291.9198668, 1751437292.0014446, 1751437292.0806608, 1751437292.16253, 1751437292.2421246, 1751437292.3234985, 1751437292.4033287, 1751437292.48376, 1751437292.564295, 1751437292.644906, 1751437292.725613, 1751437292.8065953, 1751437292.886546, 1751437292.9671783, 1751437293.0505676, 1751437293.1371667, 1751437293.2189536, 1751437293.3000546, 1751437293.3832831, 1751437293.4809208, 1751437293.6957643, 1751437293.8437877, 1751437293.926786, 1751437294.0157404, 1751437294.1048148, 1751437294.1875174, 1751437294.2708466, 1751437294.3611288, 1751437294.4492779, 1751437294.5393877, 1751437294.628225, 1751437294.7152557]"
1679,416,1263,"[1751437295.075992, 1751437295.1794493, 1751437295.1804478, 1751437295.3577719, 1751437295.4407055, 1751437295.5176861, 1751437295.5923405, 1751437295.6693592, 1751437295.7473938, 1751437295.822585, 1751437295.9050817, 1751437296.0787797, 1751437296.1544807, 1751437296.2334754, 1751437296.3099103, 1751437296.3850381, 1751437296.4634838, 1751437296.539301, 1751437296.6170454, 1751437296.6964686, 1751437296.776343, 1751437296.8573127, 1751437296.9396567, 1751437297.0191033, 1751437297.0990233, 1751437297.180835, 1751437297.2746282, 1751437297.3569322, 1751437297.4361067, 1751437297.5182722, 1751437297.5994813, 1751437297.6778586, 1751437297.7558615, 1751437297.8425295, 1751437297.9249575, 1751437298.0066557, 1751437298.0868053, 1751437298.296639, 1751437298.3790336, 1751437298.4612315, 1751437298.542252, 1751437298.621625, 1751437298.7011771, 1751437298.8348706, 1751437298.922086, 1751437299.0038385, 1751437299.0840898, 1751437299.164659, 1751437299.2455192, 1751437299.325303, 1751437299.4066315, 1751437299.4864135]"
1103,192,911,"[1751437299.828096, 1751437299.9112651, 1751437299.912041, 1751437300.090569, 1751437300.171884, 1751437300.2461634, 1751437300.3224702, 1751437300.408836, 1751437300.5842922, 1751437300.6652374, 1751437300.7445078, 1751437300.8177764, 1751437300.8957987, 1751437300.9737577, 1751437301.0505462, 1751437301.1288264, 1751437301.208643, 1751437301.2920594, 1751437301.370523, 1751437301.4503343, 1751437301.530446, 1751437301.610414, 1751437301.6924055, 1751437301.7651403]"
1327,176,1151,"[1751437302.0937135, 1751437302.1885493, 1751437302.189554, 1751437302.3889308, 1751437302.461511, 1751437302.5393226, 1751437302.6207156, 1751437302.8099766, 1751437302.8828115, 1751437302.960716, 1751437303.0338259, 1751437303.1115491, 1751437303.1848123, 1751437303.2619772, 1751437303.3358715, 1751437303.414025, 1751437303.4899178, 1751437303.5691364, 1751437303.658651, 1751437303.7385736, 1751437303.8171701, 1751437303.8952005]"
2215,280,1935,"[1751437304.2258508, 1751437304.3305762, 1751437304.3313496, 1751437304.623149, 1751437304.6956756, 1751437304.773314, 1751437304.845422, 1751437305.0371695, 1751437305.1089468, 1751437305.1851225, 1751437305.2628262, 1751437305.3408046, 1751437305.419307, 1751437305.495628, 1751437305.5747519, 1751437305.6535573, 1751437305.731855, 1751437305.8049269, 1751437305.882709, 1751437305.955747, 1751437306.0338955, 1751437306.1110878, 1751437306.1866813, 1751437306.2645237, 1751437306.3399675, 1751437306.4190571, 1751437306.4978857, 1751437306.5771353, 1751437306.653844, 1751437306.7310166, 1751437306.8108757, 1751437306.8901186, 1751437306.9705276, 1751437307.052453, 1751437307.2701404]"
3247,496,2751,"[1751437307.6129303, 1751437307.7000895, 1751437307.7009213, 1751437308.1614723, 1751437308.2343683, 1751437308.3109148, 1751437308.3911693, 1751437308.4682703, 1751437308.5477474, 1751437308.6255424, 1751437308.7067256, 1751437308.7855866, 1751437308.8602235, 1751437308.9359734, 1751437309.0126457, 1751437309.0879314, 1751437309.1667154, 1751437309.2389016, 1751437309.3174486, 1751437309.3999557, 1751437309.5863829, 1751437309.6657548, 1751437309.7425954, 1751437309.8213327, 1751437309.8976603, 1751437309.9737155, 1751437310.0520928, 1751437310.1276958, 1751437310.2064068, 1751437310.2864554, 1751437310.3707047, 1751437310.4573622, 1751437310.537517, 1751437310.617527, 1751437310.7036023, 1751437310.786957, 1751437310.8672428, 1751437310.9508297, 1751437311.033309, 1751437311.1139593, 1751437311.1945167, 1751437311.2750747, 1751437311.358294, 1751437311.4453404, 1751437311.5263445, 1751437311.607768, 1751437311.8080475, 1751437311.8891053, 1751437311.9699826, 1751437312.0499775, 1751437312.1316392, 1751437312.2128122, 1751437312.292747, 1751437312.373444, 1751437312.4540792, 1751437312.5352428, 1751437312.6149669, 1751437312.6961827, 1751437312.7765546, 1751437312.857942, 1751437312.9381733, 1751437313.0185456]"
2111,536,1575,"[1751437313.3447711, 1751437313.4510794, 1751437313.4518561, 1751437313.698115, 1751437313.77485, 1751437313.8480608, 1751437314.0422084, 1751437314.1175385, 1751437314.196205, 1751437314.269299, 1751437314.3478267, 1751437314.4237347, 1751437314.5003552, 1751437314.5778837, 1751437314.6509326, 1751437314.728633, 1751437314.8025472, 1751437314.8798943, 1751437314.9532902, 1751437315.0310912, 1751437315.1038582, 1751437315.182052, 1751437315.2626474, 1751437315.3430126, 1751437315.423093, 1751437315.5018287, 1751437315.5782645, 1751437315.6573863, 1751437315.736136, 1751437315.8167694, 1751437315.8972073, 1751437315.9772558, 1751437316.058914, 1751437316.2650633, 1751437316.351639, 1751437316.4336786, 1751437316.5134768, 1751437316.5942981, 1751437316.674257, 1751437316.7536674, 1751437316.8342032, 1751437316.9142756, 1751437316.9955344, 1751437317.075661, 1751437317.156322, 1751437317.2384768, 1751437317.3213298, 1751437317.4079397, 1751437317.4899395, 1751437317.5702097, 1751437317.6532419, 1751437317.739174, 1751437317.8217216, 1751437317.9023402, 1751437317.9833064, 1751437318.0635695, 1751437318.1446602, 1751437318.2253258, 1751437318.3076546, 1751437318.5023553, 1751437318.5876198, 1751437318.6683602, 1751437318.7496672, 1751437318.8703425, 1751437318.9541638, 1751437319.042126, 1751437319.1309593]"
1623,376,1247,"[1751437319.482008, 1751437319.5806272, 1751437319.5814064, 1751437319.7608004, 1751437319.8445284, 1751437319.9196095, 1751437319.9971206, 1751437320.0691667, 1751437320.1469243, 1751437320.2198663, 1751437320.2959313, 1751437320.3722742, 1751437320.4502752, 1751437320.5223093, 1751437320.7226386, 1751437320.8012445, 1751437320.875817, 1751437320.9540596, 1751437321.0323477, 1751437321.1081545, 1751437321.1855276, 1751437321.2639985, 1751437321.3389077, 1751437321.4324324, 1751437321.5107713, 1751437321.5924003, 1751437321.6720035, 1751437321.754702, 1751437321.8353815, 1751437321.914689, 1751437321.9963832, 1751437322.075025, 1751437322.1551256, 1751437322.236151, 1751437322.316508, 1751437322.3980339, 1751437322.4769561, 1751437322.5562744, 1751437322.6354837, 1751437322.7163775, 1751437322.8053632, 1751437322.9634852, 1751437323.0486295, 1751437323.1292844, 1751437323.210424, 1751437323.291293, 1751437323.3724067]"
1823,600,1223,"[1751437323.7089436, 1751437323.8028066, 1751437323.8035908, 1751437323.9914508, 1751437324.0684383, 1751437324.1476996, 1751437324.2195027, 1751437324.2980578, 1751437324.3694308, 1751437324.444334, 1751437324.520899, 1751437324.5997267, 1751437324.674773, 1751437324.7527602, 1751437324.8310733, 1751437324.9049113, 1751437324.9833872, 1751437325.0577416, 1751437325.1353302, 1751437325.4260333, 1751437325.516826, 1751437325.5937052, 1751437325.6717522, 1751437325.7487395, 1751437325.8271897, 1751437325.9081368, 1751437325.987583, 1751437326.067182, 1751437326.1458218, 1751437326.228112, 1751437326.3081014, 1751437326.3871248, 1751437326.4642057, 1751437326.5444386, 1751437326.624789, 1751437326.7062347, 1751437326.7863867, 1751437326.8673625, 1751437326.9475665, 1751437327.0273073, 1751437327.1081223, 1751437327.1887252, 1751437327.268465, 1751437327.3507273, 1751437327.4309475, 1751437327.5181413, 1751437327.685478, 1751437327.7716653, 1751437327.8535547, 1751437327.9339244, 1751437328.0153866, 1751437328.095452, 1751437328.1758697, 1751437328.256227, 1751437328.33717, 1751437328.417942, 1751437328.4988682, 1751437328.5846827, 1751437328.6698565, 1751437328.7517362, 1751437328.8317044, 1751437328.914257, 1751437329.0013947, 1751437329.0835216, 1751437329.1647077, 1751437329.245596, 1751437329.3307328, 1751437329.415843, 1751437329.4966578, 1751437329.5955098, 1751437329.6793294, 1751437329.9077544, 1751437329.9921324, 1751437330.0804543, 1751437330.1635213]"
2287,192,2095,"[1751437330.514553, 1751437330.6017263, 1751437330.6024868, 1751437330.9547691, 1751437331.0277545, 1751437331.0987475, 1751437331.171208, 1751437331.2481472, 1751437331.31953, 1751437331.3949413, 1751437331.4721713, 1751437331.550646, 1751437331.6410267, 1751437331.7142127, 1751437331.7921154, 1751437331.8667066, 1751437331.953459, 1751437332.1552262, 1751437332.233611, 1751437332.308277, 1751437332.3872917, 1751437332.4669657, 1751437332.5469089, 1751437332.626116]"
1927,416,1511,"[1751437332.9589367, 1751437333.0633044, 1751437333.0642822, 1751437333.274359, 1751437333.3529687, 1751437333.4245949, 1751437333.4987497, 1751437333.5756488, 1751437333.6567504, 1751437333.7332265, 1751437333.8072522, 1751437333.8800566, 1751437333.9578907, 1751437334.0314274, 1751437334.1084592, 1751437334.182081, 1751437334.3822572, 1751437334.4600105, 1751437334.53346, 1751437334.6115763, 1751437334.6858704, 1751437334.765076, 1751437334.8399577, 1751437334.9163792, 1751437334.9953923, 1751437335.0721767, 1751437335.1508155, 1751437335.229236, 1751437335.308013, 1751437335.3885286, 1751437335.4689403, 1751437335.5498927, 1751437335.6301246, 1751437335.7106187, 1751437335.788055, 1751437335.870891, 1751437335.9515405, 1751437336.0330744, 1751437336.114759, 1751437336.194533, 1751437336.2755015, 1751437336.356015, 1751437336.4363155, 1751437336.6264007, 1751437336.707944, 1751437336.7975693, 1751437336.8797436, 1751437336.9603236, 1751437337.0410144, 1751437337.121914, 1751437337.2028828, 1751437337.286463]"
2119,320,1799,"[1751437337.6311653, 1751437337.7347393, 1751437337.7355077, 1751437338.0053172, 1751437338.0819192, 1751437338.159762, 1751437338.2360961, 1751437338.3132572, 1751437338.390796, 1751437338.464732, 1751437338.5422268, 1751437338.6217673, 1751437338.7042706, 1751437338.865587, 1751437338.9430761, 1751437339.017126, 1751437339.095268, 1751437339.1709583, 1751437339.2477427, 1751437339.326668, 1751437339.4029496, 1751437339.479725, 1751437339.558946, 1751437339.635482, 1751437339.712166, 1751437339.791219, 1751437339.8708324, 1751437339.9511364, 1751437340.0314417, 1751437340.1116164, 1751437340.1938806, 1751437340.2748666, 1751437340.3543713, 1751437340.4348245, 1751437340.5157948, 1751437340.5971637, 1751437340.6769822, 1751437340.762178, 1751437340.8462117, 1751437340.9301362]"
1847,960,887,"[1751437341.4497347, 1751437341.5325317, 1751437341.5333273, 1751437341.6970518, 1751437341.7749004, 1751437341.846931, 1751437341.9181256, 1751437341.995566, 1751437342.0711606, 1751437342.149594, 1751437342.2280934, 1751437342.3028393, 1751437342.380075, 1751437342.456192, 1751437342.5320394, 1751437342.6104844, 1751437342.6860933, 1751437342.763704, 1751437342.8418663, 1751437342.9169378, 1751437342.9951715, 1751437343.0740356, 1751437343.1508527, 1751437343.227779, 1751437343.306688, 1751437343.3881326, 1751437343.5795836, 1751437343.6605608, 1751437343.7408667, 1751437343.8197598, 1751437343.9006135, 1751437343.9812922, 1751437344.0623035, 1751437344.1419554, 1751437344.221875, 1751437344.304497, 1751437344.3841949, 1751437344.4653158, 1751437344.5463388, 1751437344.6266937, 1751437344.7076838, 1751437344.7878845, 1751437344.8675146, 1751437344.9491951, 1751437345.0294514, 1751437345.1112077, 1751437345.1913593, 1751437345.272193, 1751437345.352885, 1751437345.4334478, 1751437345.5138166, 1751437345.5947647, 1751437345.816204, 1751437345.8988, 1751437345.9859338, 1751437346.0676866, 1751437346.1479142, 1751437346.22862, 1751437346.3097625, 1751437346.39305, 1751437346.4805708, 1751437346.5692441, 1751437346.6515508, 1751437346.7336042, 1751437346.8162684, 1751437346.9027507, 1751437346.9843118, 1751437347.0657196, 1751437347.1471257, 1751437347.2314749, 1751437347.3187318, 1751437347.4081337, 1751437347.492859, 1751437347.5798364, 1751437347.6633692, 1751437347.7507453, 1751437347.835843, 1751437348.0441244, 1751437348.1320176, 1751437348.2179854, 1751437348.3048918, 1751437348.4000394, 1751437348.4956274, 1751437348.5859878, 1751437348.6769888, 1751437348.767522, 1751437348.855587, 1751437348.9451666, 1751437349.0336003, 1751437349.1252067, 1751437349.2158751, 1751437349.3050582, 1751437349.393269, 1751437349.484357, 1751437349.5740285, 1751437349.6644232, 1751437349.7545333, 1751437349.8448703, 1751437349.9339142, 1751437350.0254743, 1751437350.121261, 1751437350.2938552, 1751437350.3892028, 1751437350.481549, 1751437350.5720575, 1751437350.6632035, 1751437350.753621, 1751437350.8446734, 1751437350.935469, 1751437351.0266318, 1751437351.1178067, 1751437351.2089999, 1751437351.3002214, 1751437351.3924887, 1751437351.486269, 1751437351.5793297, 1751437351.671567, 1751437351.7638712, 1751437351.8596756, 1751437351.953674]"
1575,184,1391,"[1751437352.3124468, 1751437352.426115, 1751437352.427286, 1751437352.6562724, 1751437352.7356565, 1751437352.8086312, 1751437352.8809032, 1751437352.95914, 1751437353.031974, 1751437353.1105027, 1751437353.1823597, 1751437353.2541244, 1751437353.332592, 1751437353.4076383, 1751437353.484, 1751437353.5632691, 1751437353.6428893, 1751437353.721816, 1751437353.7962005, 1751437353.875543, 1751437353.9543004, 1751437354.0340183, 1751437354.1098557]"
1311,176,1135,"[1751437354.4515548, 1751437354.5435097, 1751437354.5443108, 1751437354.8775084, 1751437354.9539983, 1751437355.032338, 1751437355.1122122, 1751437355.1861115, 1751437355.2636569, 1751437355.3366728, 1751437355.4110541, 1751437355.4873302, 1751437355.567087, 1751437355.6475601, 1751437355.7275758, 1751437355.8064976, 1751437355.8860104, 1751437355.9623995, 1751437356.040904, 1751437356.1178448, 1751437356.1927307, 1751437356.2723422]"
3183,536,2647,"[1751437356.6136177, 1751437356.6991682, 1751437356.6999369, 1751437357.1839476, 1751437357.265899, 1751437357.34482, 1751437357.429166, 1751437357.5046885, 1751437357.5877285, 1751437357.6643305, 1751437357.7423058, 1751437357.8173547, 1751437357.8946247, 1751437357.9718664, 1751437358.0460541, 1751437358.126315, 1751437358.204851, 1751437358.2807355, 1751437358.3575056, 1751437358.4362512, 1751437358.520467, 1751437358.6004977, 1751437358.6793966, 1751437358.759761, 1751437358.840945, 1751437358.921669, 1751437359.001035, 1751437359.0818872, 1751437359.1621714, 1751437359.3647685, 1751437359.444892, 1751437359.5255396, 1751437359.6065364, 1751437359.6879134, 1751437359.7701244, 1751437359.8496232, 1751437359.9311745, 1751437360.0116215, 1751437360.0931199, 1751437360.1749492, 1751437360.256413, 1751437360.338008, 1751437360.4225583, 1751437360.5044677, 1751437360.5844953, 1751437360.6662147, 1751437360.7453701, 1751437360.8261418, 1751437360.9071043, 1751437360.9888804, 1751437361.0723069, 1751437361.1571753, 1751437361.2400184, 1751437361.3202064, 1751437361.400173, 1751437361.6068792, 1751437361.6932147, 1751437361.7735226, 1751437361.8535347, 1751437361.943933, 1751437362.0251513, 1751437362.1052723, 1751437362.1856272, 1751437362.2664526, 1751437362.3496816, 1751437362.4378066, 1751437362.5194006]"
1551,184,1367,"[1751437362.8564508, 1751437362.957908, 1751437362.9586756, 1751437363.1764126, 1751437363.2565603, 1751437363.3331134, 1751437363.4041474, 1751437363.4756622, 1751437363.5477319, 1751437363.6323686, 1751437363.8626158, 1751437363.9408069, 1751437364.019846, 1751437364.0968776, 1751437364.169752, 1751437364.2439115, 1751437364.3210292, 1751437364.3971395, 1751437364.4730043, 1751437364.551175, 1751437364.6298633, 1751437364.706423, 1751437364.7846754]"
1535,312,1223,"[1751437365.1202161, 1751437365.2203615, 1751437365.2213285, 1751437365.406439, 1751437365.4826844, 1751437365.563895, 1751437365.6426587, 1751437365.7216792, 1751437365.7962866, 1751437365.8754482, 1751437365.9602985, 1751437366.1196437, 1751437366.1983337, 1751437366.2757425, 1751437366.350044, 1751437366.4259713, 1751437366.499569, 1751437366.5776174, 1751437366.651239, 1751437366.7283497, 1751437366.8068206, 1751437366.8830955, 1751437366.961526, 1751437367.0400052, 1751437367.1131835, 1751437367.192341, 1751437367.27351, 1751437367.3549087, 1751437367.4346457, 1751437367.51504, 1751437367.5959632, 1751437367.6754558, 1751437367.7549827, 1751437367.8366132, 1751437367.9179306, 1751437368.0032182, 1751437368.086622, 1751437368.1705663, 1751437368.354202]"
3607,1192,2415,"[1751437368.7033575, 1751437368.7846136, 1751437368.7853847, 1751437369.1509082, 1751437369.2272778, 1751437369.2987053, 1751437369.3699481, 1751437369.4480116, 1751437369.5211287, 1751437369.600045, 1751437369.6740785, 1751437369.751393, 1751437369.8253376, 1751437369.9026845, 1751437369.9808638, 1751437370.0552995, 1751437370.1340349, 1751437370.2115715, 1751437370.287458, 1751437370.365467, 1751437370.443734, 1751437370.526601, 1751437370.8434012, 1751437370.9229603, 1751437371.0025327, 1751437371.0841737, 1751437371.164151, 1751437371.2450962, 1751437371.3248973, 1751437371.4046774, 1751437371.486285, 1751437371.5666482, 1751437371.646812, 1751437371.7271385, 1751437371.8076725, 1751437371.8868358, 1751437371.9660847, 1751437372.045821, 1751437372.1261387, 1751437372.206747, 1751437372.2881355, 1751437372.3687234, 1751437372.449281, 1751437372.5292692, 1751437372.6109238, 1751437372.6914535, 1751437372.7717376, 1751437372.8521109, 1751437372.9370606, 1751437373.1148808, 1751437373.1955435, 1751437373.27539, 1751437373.355222, 1751437373.4357705, 1751437373.5173466, 1751437373.5994434, 1751437373.685875, 1751437373.7680128, 1751437373.848768, 1751437373.92973, 1751437374.0103347, 1751437374.0909307, 1751437374.1711106, 1751437374.251925, 1751437374.3332105, 1751437374.4135535, 1751437374.494278, 1751437374.5745409, 1751437374.6600823, 1751437374.746116, 1751437374.826963, 1751437374.914121, 1751437374.9977183, 1751437375.0810447, 1751437375.1739929, 1751437375.3450217, 1751437375.432147, 1751437375.5210178, 1751437375.6043875, 1751437375.692469, 1751437375.7764387, 1751437375.8627307, 1751437375.9468942, 1751437376.0346532, 1751437376.1235185, 1751437376.2076952, 1751437376.297548, 1751437376.3873982, 1751437376.4845016, 1751437376.5764859, 1751437376.6647367, 1751437376.7528784, 1751437376.8435664, 1751437376.9331865, 1751437377.0214703, 1751437377.1116195, 1751437377.2015915, 1751437377.3045628, 1751437377.400731, 1751437377.578981, 1751437377.6693587, 1751437377.7588987, 1751437377.8475418, 1751437377.9380755, 1751437378.0277336, 1751437378.1189063, 1751437378.208957, 1751437378.29932, 1751437378.3914764, 1751437378.4816415, 1751437378.573822, 1751437378.668334, 1751437378.7631948, 1751437378.855353, 1751437378.9462318, 1751437379.0387402, 1751437379.1290011, 1751437379.2198608, 1751437379.3109028, 1751437379.4018018, 1751437379.4927924, 1751437379.5839484, 1751437379.8035204, 1751437379.8956213, 1751437379.9870412, 1751437380.0853229, 1751437380.1782544, 1751437380.2710629, 1751437380.36615, 1751437380.4605842, 1751437380.5541003, 1751437380.6502814, 1751437380.7435327, 1751437380.8515542, 1751437380.9459927, 1751437381.0415864, 1751437381.1366258, 1751437381.2317388, 1751437381.327867, 1751437381.4230874, 1751437381.5257204, 1751437381.6234584, 1751437381.7227292, 1751437381.8216162, 1751437382.0484333, 1751437382.148261, 1751437382.2468033, 1751437382.344725, 1751437382.4423726]"
1431,528,903,"[1751437382.8038373, 1751437382.8983347, 1751437382.8990746, 1751437383.053565, 1751437383.130524, 1751437383.202718, 1751437383.2812195, 1751437383.3595786, 1751437383.4315026, 1751437383.5117235, 1751437383.587636, 1751437383.666392, 1751437383.7447383, 1751437383.8219776, 1751437383.8964987, 1751437383.975006, 1751437384.0498128, 1751437384.2050974, 1751437384.295646, 1751437384.3779385, 1751437384.4574394, 1751437384.5321357, 1751437384.6105766, 1751437384.6901302, 1751437384.7641838, 1751437384.8433099, 1751437384.9340734, 1751437385.015931, 1751437385.094761, 1751437385.17485, 1751437385.255408, 1751437385.3362575, 1751437385.4159787, 1751437385.497018, 1751437385.5807796, 1751437385.661743, 1751437385.7398257, 1751437385.8197517, 1751437385.9005728, 1751437385.9810143, 1751437386.0613556, 1751437386.1421669, 1751437386.2225113, 1751437386.3036199, 1751437386.3844073, 1751437386.470443, 1751437386.7678921, 1751437386.8480952, 1751437386.9280174, 1751437387.0089996, 1751437387.0898886, 1751437387.169675, 1751437387.2530649, 1751437387.3429508, 1751437387.4267466, 1751437387.5142379, 1751437387.5958369, 1751437387.6944976, 1751437387.7766218, 1751437387.8724616, 1751437387.9561324, 1751437388.039452, 1751437388.126894, 1751437388.2081096, 1751437388.2887616, 1751437388.3722205]"
1071,464,607,"[1751437388.7281477, 1751437388.8095195, 1751437388.8102899, 1751437389.0747437, 1751437389.1470742, 1751437389.2246137, 1751437389.3014436, 1751437389.3772907, 1751437389.4553168, 1751437389.5279946, 1751437389.6063066, 1751437389.6794386, 1751437389.757451, 1751437389.837558, 1751437389.9182398, 1751437389.9910007, 1751437390.068449, 1751437390.1421754, 1751437390.219781, 1751437390.2936132, 1751437390.3715658, 1751437390.4491286, 1751437390.5267963, 1751437390.6062112, 1751437390.6848812, 1751437390.7648883, 1751437390.844079, 1751437390.9242449, 1751437391.0010977, 1751437391.0830345, 1751437391.2607393, 1751437391.3400357, 1751437391.420018, 1751437391.4970913, 1751437391.5819457, 1751437391.66358, 1751437391.7444685, 1751437391.8242111, 1751437391.9141767, 1751437391.9980912, 1751437392.0777166, 1751437392.1571393, 1751437392.2369142, 1751437392.3179712, 1751437392.3981586, 1751437392.480388, 1751437392.5603685, 1751437392.640234, 1751437392.7204998, 1751437392.801533, 1751437392.8831544, 1751437392.9664035, 1751437393.0526261, 1751437393.1349761, 1751437393.2176998, 1751437393.3054364, 1751437393.4980884, 1751437393.5808737]"
1423,104,1319,"[1751437393.9359474, 1751437394.0298321, 1751437394.030607, 1751437394.2721796, 1751437394.3472052, 1751437394.4227166, 1751437394.495432, 1751437394.5746999, 1751437394.6520293, 1751437394.7361615, 1751437394.810687, 1751437394.8858018, 1751437394.9573364]"
967,272,695,"[1751437395.2830548, 1751437395.36741, 1751437395.368684, 1751437395.5107737, 1751437395.7118702, 1751437395.785852, 1751437395.8637393, 1751437395.9356177, 1751437396.0134225, 1751437396.0865352, 1751437396.157503, 1751437396.234839, 1751437396.3165588, 1751437396.3928921, 1751437396.4695969, 1751437396.5480447, 1751437396.6232145, 1751437396.7010095, 1751437396.7744138, 1751437396.8515277, 1751437396.9305506, 1751437397.0112484, 1751437397.092882, 1751437397.1732328, 1751437397.2669427, 1751437397.3477013, 1751437397.4263546, 1751437397.505921, 1751437397.5866888, 1751437397.6668, 1751437397.7475357, 1751437397.955782, 1751437398.0387075, 1751437398.1189039]"
1487,192,1295,"[1751437398.4687097, 1751437398.5681193, 1751437398.5691283, 1751437398.7972047, 1751437398.876444, 1751437398.9500382, 1751437399.0279763, 1751437399.099028, 1751437399.1726115, 1751437399.2494512, 1751437399.3267138, 1751437399.4015684, 1751437399.4796467, 1751437399.5537329, 1751437399.6314425, 1751437399.705652, 1751437399.7830117, 1751437399.860905, 1751437399.9344473, 1751437400.0121987, 1751437400.2040412, 1751437400.2843335, 1751437400.3624568, 1751437400.4382038]"
2839,512,2327,"[1751437400.7690094, 1751437400.8522003, 1751437400.8529751, 1751437401.226155, 1751437401.306626, 1751437401.384462, 1751437401.4555893, 1751437401.5339506, 1751437401.6084495, 1751437401.6858997, 1751437401.7598119, 1751437401.8378596, 1751437401.916571, 1751437401.9911542, 1751437402.068844, 1751437402.148166, 1751437402.224777, 1751437402.300898, 1751437402.385002, 1751437402.6637459, 1751437402.7402143, 1751437402.818511, 1751437402.8940454, 1751437402.973094, 1751437403.052521, 1751437403.128737, 1751437403.205899, 1751437403.2851017, 1751437403.3669686, 1751437403.446422, 1751437403.5300076, 1751437403.6099072, 1751437403.6906493, 1751437403.7718027, 1751437403.8522825, 1751437403.9324708, 1751437404.0130217, 1751437404.092997, 1751437404.1742208, 1751437404.2552214, 1751437404.3353462, 1751437404.4151795, 1751437404.4951334, 1751437404.5753932, 1751437404.6557684, 1751437404.745493, 1751437404.94091, 1751437405.023722, 1751437405.1073725, 1751437405.1892254, 1751437405.2710626, 1751437405.3515725, 1751437405.432877, 1751437405.5140827, 1751437405.594384, 1751437405.6752338, 1751437405.7548094, 1751437405.835754, 1751437405.9157972, 1751437405.997196, 1751437406.0769832, 1751437406.1586854, 1751437406.2379215, 1751437406.3210766]"
2343,464,1879,"[1751437406.6565998, 1751437406.7624564, 1751437406.7634254, 1751437407.1629074, 1751437407.2402575, 1751437407.3171635, 1751437407.390021, 1751437407.5237694, 1751437407.6013522, 1751437407.6794064, 1751437407.7570298, 1751437407.832293, 1751437407.910915, 1751437407.9852796, 1751437408.0602655, 1751437408.1330206, 1751437408.2110198, 1751437408.2863822, 1751437408.363848, 1751437408.442376, 1751437408.523808, 1751437408.6053734, 1751437408.6848338, 1751437408.7659428, 1751437408.8471642, 1751437408.927827, 1751437409.0073907, 1751437409.0879838, 1751437409.1680593, 1751437409.3748865, 1751437409.4569676, 1751437409.5431044, 1751437409.6241627, 1751437409.7048569, 1751437409.7840211, 1751437409.86579, 1751437409.945249, 1751437410.0263815, 1751437410.106002, 1751437410.1869328, 1751437410.2679648, 1751437410.3486803, 1751437410.4293046, 1751437410.5097377, 1751437410.590984, 1751437410.6718855, 1751437410.7517886, 1751437410.8328304, 1751437410.9137354, 1751437410.99381, 1751437411.0741932, 1751437411.1549208, 1751437411.2351792, 1751437411.3161998, 1751437411.3964977, 1751437411.6088023, 1751437411.6910474, 1751437411.7783074]"
1711,576,1135,"[1751437412.1186008, 1751437412.2111366, 1751437412.2119005, 1751437412.4034598, 1751437412.4757996, 1751437412.5549753, 1751437412.6354578, 1751437412.7142665, 1751437412.7868233, 1751437412.8596344, 1751437412.9381402, 1751437413.0105069, 1751437413.0884047, 1751437413.1621144, 1751437413.2388113, 1751437413.3122482, 1751437413.3910763, 1751437413.4688036, 1751437413.542472, 1751437413.621869, 1751437413.7072682, 1751437413.866188, 1751437413.9446099, 1751437414.0239837, 1751437414.1028194, 1751437414.1812255, 1751437414.2594256, 1751437414.33766, 1751437414.4169238, 1751437414.497398, 1751437414.578468, 1751437414.6601539, 1751437414.740097, 1751437414.8214662, 1751437414.9014766, 1751437414.9829612, 1751437415.0637116, 1751437415.1443968, 1751437415.22467, 1751437415.3044872, 1751437415.384296, 1751437415.465475, 1751437415.5486252, 1751437415.6310494, 1751437415.7158632, 1751437415.798622, 1751437415.8792384, 1751437416.0854967, 1751437416.1709733, 1751437416.2516725, 1751437416.3333666, 1751437416.4129262, 1751437416.4950054, 1751437416.576861, 1751437416.6649332, 1751437416.746152, 1751437416.826651, 1751437416.9068925, 1751437416.989733, 1751437417.0771596, 1751437417.1587873, 1751437417.2402327, 1751437417.3247154, 1751437417.4114304, 1751437417.4934185, 1751437417.5777438, 1751437417.6632276, 1751437417.7444232, 1751437417.8319933, 1751437417.9148557, 1751437417.9955347, 1751437418.0773387]"
1495,248,1247,"[1751437418.638867, 1751437418.736674, 1751437418.7376928, 1751437418.926178, 1751437419.0089698, 1751437419.0845363, 1751437419.1561334, 1751437419.2335608, 1751437419.3062246, 1751437419.3781626, 1751437419.455234, 1751437419.5281634, 1751437419.602595, 1751437419.6800334, 1751437419.7722723, 1751437419.8508687, 1751437419.9302125, 1751437420.0058827, 1751437420.0819423, 1751437420.1581304, 1751437420.2352896, 1751437420.313855, 1751437420.3933597, 1751437420.4734159, 1751437420.5554194, 1751437420.7780547, 1751437420.8553913, 1751437420.9371264, 1751437421.0165431, 1751437421.0917392, 1751437421.1709657]"
1231,120,1111,"[1751437421.5002737, 1751437421.5981884, 1751437421.5991669, 1751437421.7954128, 1751437421.8688755, 1751437421.956455, 1751437422.034522, 1751437422.1105084, 1751437422.187547, 1751437422.265116, 1751437422.3393817, 1751437422.4181862, 1751437422.4925194, 1751437422.569489, 1751437422.6429362]"
1727,392,1335,"[1751437422.976766, 1751437423.185302, 1751437423.1860816, 1751437423.3870487, 1751437423.459521, 1751437423.5360637, 1751437423.6126723, 1751437423.697816, 1751437423.771255, 1751437423.849598, 1751437423.9218762, 1751437423.999961, 1751437424.0718584, 1751437424.148399, 1751437424.2216, 1751437424.294945, 1751437424.3729095, 1751437424.4510067, 1751437424.524321, 1751437424.6029637, 1751437424.6786926, 1751437424.7556336, 1751437424.8337727, 1751437424.9080024, 1751437424.9857101, 1751437425.0626874, 1751437425.1382217, 1751437425.3396523, 1751437425.4198155, 1751437425.5002851, 1751437425.5820322, 1751437425.6627746, 1751437425.7423887, 1751437425.8235538, 1751437425.9043431, 1751437425.985832, 1751437426.0648386, 1751437426.1451669, 1751437426.2253764, 1751437426.305999, 1751437426.3865771, 1751437426.4667742, 1751437426.546961, 1751437426.6280932, 1751437426.7086804, 1751437426.790129, 1751437426.8704417, 1751437426.952065, 1751437427.0318441]"
1575,448,1127,"[1751437427.3759048, 1751437427.620233, 1751437427.6214867, 1751437427.7067673, 1751437427.7793818, 1751437427.8586197, 1751437427.9491339, 1751437428.0389886, 1751437428.1283267, 1751437428.215044, 1751437428.3009956, 1751437428.3899198, 1751437428.4756324, 1751437428.5547047, 1751437428.6335518, 1751437428.7142634, 1751437428.7932625, 1751437428.8693335, 1751437428.9460104, 1751437429.023648, 1751437429.0965714, 1751437429.1750343, 1751437429.249518, 1751437429.327641, 1751437429.4073188, 1751437429.4874308, 1751437429.5655437, 1751437429.6424928, 1751437429.8418145, 1751437429.919082, 1751437430.0015922, 1751437430.0818326, 1751437430.1617043, 1751437430.2419, 1751437430.323136, 1751437430.4060066, 1751437430.4858575, 1751437430.5660822, 1751437430.6466143, 1751437430.726384, 1751437430.8077817, 1751437430.8893952, 1751437430.9698594, 1751437431.049419, 1751437431.1309683, 1751437431.2120612, 1751437431.2963765, 1751437431.3812394, 1751437431.463031, 1751437431.5431337, 1751437431.6268086, 1751437431.712542, 1751437431.7939646, 1751437431.876276, 1751437432.0865014, 1751437432.1679802]"
3247,704,2543,"[1751437432.5004628, 1751437432.5879197, 1751437432.5887225, 1751437432.959674, 1751437433.035172, 1751437433.113694, 1751437433.187257, 1751437433.263469, 1751437433.3352275, 1751437433.406508, 1751437433.4788048, 1751437433.5584493, 1751437433.636977, 1751437433.7108235, 1751437433.7887554, 1751437433.867428, 1751437433.941792, 1751437434.0200624, 1751437434.098749, 1751437434.190099, 1751437434.4043489, 1751437434.4835715, 1751437434.561828, 1751437434.6372385, 1751437434.7138546, 1751437434.793812, 1751437434.8740296, 1751437434.9490776, 1751437435.026968, 1751437435.1055226, 1751437435.1856384, 1751437435.2658417, 1751437435.3448453, 1751437435.4219592, 1751437435.5011938, 1751437435.5813882, 1751437435.660961, 1751437435.741396, 1751437435.8218067, 1751437435.9024525, 1751437435.982835, 1751437436.0633593, 1751437436.1446998, 1751437436.22471, 1751437436.3061821, 1751437436.3875961, 1751437436.473712, 1751437436.6404977, 1751437436.721824, 1751437436.8089366, 1751437436.8925533, 1751437436.9742436, 1751437437.0616696, 1751437437.14262, 1751437437.2243276, 1751437437.3077464, 1751437437.3946915, 1751437437.476058, 1751437437.5576856, 1751437437.6397188, 1751437437.7262938, 1751437437.8087404, 1751437437.8904428, 1751437437.972468, 1751437438.0550761, 1751437438.140839, 1751437438.223357, 1751437438.306511, 1751437438.3908172, 1751437438.4758143, 1751437438.564086, 1751437438.696843, 1751437438.8982718, 1751437438.9860091, 1751437439.0714457, 1751437439.1579525, 1751437439.2439172, 1751437439.3316069, 1751437439.4189463, 1751437439.5057273, 1751437439.5929446, 1751437439.6819868, 1751437439.7699103, 1751437439.858363, 1751437439.9470093, 1751437440.0354745, 1751437440.1234775, 1751437440.213012]"
2063,456,1607,"[1751437440.5573683, 1751437440.6665015, 1751437440.6672838, 1751437440.933089, 1751437441.1369798, 1751437441.2152271, 1751437441.2874732, 1751437441.365563, 1751437441.4392745, 1751437441.5182948, 1751437441.592996, 1751437441.6706896, 1751437441.7500176, 1751437441.8284836, 1751437441.9063463, 1751437441.9819858, 1751437442.061597, 1751437442.141592, 1751437442.2219634, 1751437442.3028233, 1751437442.3839, 1751437442.4639509, 1751437442.5436924, 1751437442.6230505, 1751437442.7003155, 1751437442.7816613, 1751437442.8590388, 1751437442.9384358, 1751437443.0190566, 1751437443.099491, 1751437443.1808467, 1751437443.260687, 1751437443.4647489, 1751437443.5458999, 1751437443.6248415, 1751437443.7056394, 1751437443.7853248, 1751437443.8657887, 1751437443.9467397, 1751437444.0264208, 1751437444.1071675, 1751437444.1877282, 1751437444.2702446, 1751437444.3509035, 1751437444.4303868, 1751437444.5110757, 1751437444.5921748, 1751437444.6721115, 1751437444.7532694, 1751437444.8334424, 1751437444.9143515, 1751437444.9960237, 1751437445.0798728, 1751437445.165424, 1751437445.2465696, 1751437445.3269327, 1751437445.407895]"
2047,632,1415,"[1751437445.8084607, 1751437445.9109821, 1751437445.9117951, 1751437446.1409202, 1751437446.222477, 1751437446.2965696, 1751437446.3718889, 1751437446.4465566, 1751437446.5202262, 1751437446.5992553, 1751437446.6768708, 1751437446.74984, 1751437446.830862, 1751437446.9093893, 1751437446.9840472, 1751437447.062117, 1751437447.1376085, 1751437447.2131069, 1751437447.2928467, 1751437447.3721585, 1751437447.4476993, 1751437447.5426264, 1751437447.624477, 1751437447.7039402, 1751437447.7933898, 1751437447.957311, 1751437448.0392704, 1751437448.1202712, 1751437448.2005653, 1751437448.2807193, 1751437448.3608708, 1751437448.4421299, 1751437448.5240746, 1751437448.6043122, 1751437448.6838372, 1751437448.7653797, 1751437448.8457549, 1751437448.9256136, 1751437449.0061955, 1751437449.0869653, 1751437449.1676164, 1751437449.2481654, 1751437449.3281305, 1751437449.4088802, 1751437449.4893913, 1751437449.571539, 1751437449.651542, 1751437449.7355247, 1751437449.8207328, 1751437449.9071002, 1751437449.993573, 1751437450.0852516, 1751437450.2610817, 1751437450.3467765, 1751437450.4284115, 1751437450.5104418, 1751437450.5966322, 1751437450.6795883, 1751437450.7601533, 1751437450.8411133, 1751437450.9228032, 1751437451.010511, 1751437451.091655, 1751437451.1731515, 1751437451.2548246, 1751437451.3357193, 1751437451.4229178, 1751437451.5052857, 1751437451.5901403, 1751437451.6775374, 1751437451.7597592, 1751437451.8472354, 1751437451.9366055, 1751437452.0206106, 1751437452.1097682, 1751437452.1930604, 1751437452.281425, 1751437452.490532, 1751437452.5747223]"
1207,168,1039,"[1751437452.921554, 1751437453.014595, 1751437453.015367, 1751437453.213472, 1751437453.2901704, 1751437453.3691707, 1751437453.4450018, 1751437453.525581, 1751437453.6056933, 1751437453.6910954, 1751437453.7630246, 1751437453.8421226, 1751437453.9214902, 1751437453.9975598, 1751437454.074358, 1751437454.149333, 1751437454.2270248, 1751437454.306557, 1751437454.3852506, 1751437454.4639692, 1751437454.539146]"
1119,288,831,"[1751437454.9819002, 1751437455.0621562, 1751437455.0629168, 1751437455.23181, 1751437455.3042495, 1751437455.3824663, 1751437455.4542365, 1751437455.529065, 1751437455.6055193, 1751437455.6763434, 1751437455.7554562, 1751437455.833909, 1751437455.9073513, 1751437455.9877238, 1751437456.0657976, 1751437456.1414933, 1751437456.2188537, 1751437456.2907696, 1751437456.3684747, 1751437456.4420261, 1751437456.5204818, 1751437456.6008916, 1751437456.679994, 1751437456.7558165, 1751437456.9452496, 1751437457.0251265, 1751437457.1036782, 1751437457.1837504, 1751437457.2713547, 1751437457.3563242, 1751437457.4373114, 1751437457.5165734, 1751437457.5970802, 1751437457.6787517, 1751437457.7587783, 1751437457.8405209]"
1607,104,1503,"[1751437458.1715412, 1751437458.2778785, 1751437458.2787247, 1751437458.499562, 1751437458.5756774, 1751437458.647984, 1751437458.7469494, 1751437458.8254185, 1751437458.9016755, 1751437458.9786813, 1751437459.1689188, 1751437459.2488747, 1751437459.3245876]"
1775,464,1311,"[1751437459.6562629, 1751437459.7516954, 1751437459.7524636, 1751437459.9791775, 1751437460.0558157, 1751437460.1288848, 1751437460.2062688, 1751437460.2797244, 1751437460.3570116, 1751437460.4312477, 1751437460.508379, 1751437460.5819364, 1751437460.6605103, 1751437460.7378805, 1751437460.8111057, 1751437460.8888707, 1751437460.9672303, 1751437461.0438871, 1751437461.122841, 1751437461.2021954, 1751437461.3924277, 1751437461.4662955, 1751437461.544664, 1751437461.6244373, 1751437461.7050557, 1751437461.785434, 1751437461.865476, 1751437461.9467402, 1751437462.0266042, 1751437462.1088586, 1751437462.1906936, 1751437462.270021, 1751437462.3502054, 1751437462.4306786, 1751437462.5111816, 1751437462.5932462, 1751437462.674559, 1751437462.7552068, 1751437462.8350701, 1751437462.9157655, 1751437462.9972508, 1751437463.077492, 1751437463.1582613, 1751437463.2394698, 1751437463.3193727, 1751437463.4004014, 1751437463.6530235, 1751437463.733912, 1751437463.8136156, 1751437463.8947287, 1751437463.9755583, 1751437464.0549288, 1751437464.1357346, 1751437464.2161622, 1751437464.2977562, 1751437464.3857179, 1751437464.4684439, 1751437464.5518355]"
1311,128,1183,"[1751437464.8953679, 1751437464.9973934, 1751437464.9983575, 1751437465.181872, 1751437465.2547572, 1751437465.3323653, 1751437465.4103572, 1751437465.485704, 1751437465.5608537, 1751437465.6363819, 1751437465.7106693, 1751437465.7907364, 1751437465.9795122, 1751437466.0564873, 1751437466.1300545, 1751437466.2076108]"
1335,328,1007,"[1751437466.540542, 1751437466.6272593, 1751437466.6280189, 1751437466.7743719, 1751437466.8482797, 1751437466.9258835, 1751437466.997091, 1751437467.0765786, 1751437467.1556582, 1751437467.230252, 1751437467.3092642, 1751437467.3844397, 1751437467.45993, 1751437467.5358572, 1751437467.6113932, 1751437467.6916137, 1751437467.7711961, 1751437467.8479452, 1751437467.9243324, 1751437468.002013, 1751437468.1942875, 1751437468.274393, 1751437468.3539011, 1751437468.4312074, 1751437468.513286, 1751437468.5975583, 1751437468.67717, 1751437468.753238, 1751437468.8333497, 1751437468.910355, 1751437468.9906106, 1751437469.070694, 1751437469.1508942, 1751437469.2310789, 1751437469.311768, 1751437469.393436, 1751437469.4733925, 1751437469.5550086, 1751437469.6354105, 1751437469.7163308, 1751437469.7968857]"
1655,280,1375,"[1751437470.1416638, 1751437470.2402732, 1751437470.2412522, 1751437470.5247154, 1751437470.6030953, 1751437470.6753128, 1751437470.7534225, 1751437470.8249114, 1751437470.8977332, 1751437470.9749012, 1751437471.0469809, 1751437471.125405, 1751437471.1999397, 1751437471.277038, 1751437471.3496225, 1751437471.4284854, 1751437471.5047348, 1751437471.580272, 1751437471.6613896, 1751437471.7394876, 1751437471.8146544, 1751437471.8906932, 1751437471.969135, 1751437472.0431125, 1751437472.122271, 1751437472.2035754, 1751437472.2829022, 1751437472.362957, 1751437472.4424324, 1751437472.5198526, 1751437472.7157006, 1751437472.8012145, 1751437472.8809116, 1751437472.9603589, 1751437473.039351]"
1303,232,1071,"[1751437473.3756452, 1751437473.4753232, 1751437473.4763355, 1751437473.6563842, 1751437473.7336738, 1751437473.8063855, 1751437473.8851047, 1751437473.9653652, 1751437474.0371897, 1751437474.110379, 1751437474.1868205, 1751437474.2583125, 1751437474.3318627, 1751437474.408952, 1751437474.487854, 1751437474.5641594, 1751437474.64142, 1751437474.7189624, 1751437474.920501, 1751437474.9979365, 1751437475.0745358, 1751437475.153106, 1751437475.2299628, 1751437475.3062623, 1751437475.3853197, 1751437475.465377, 1751437475.5470154, 1751437475.6272998, 1751437475.7073305]"
3215,752,2463,"[1751437476.0399632, 1751437476.1310017, 1751437476.1316826, 1751437476.5099807, 1751437476.5882263, 1751437476.6650505, 1751437476.7363486, 1751437476.8080916, 1751437476.8861046, 1751437476.959445, 1751437477.1596355, 1751437477.2397745, 1751437477.3199162, 1751437477.3958766, 1751437477.4718227, 1751437477.5461426, 1751437477.6231084, 1751437477.7013342, 1751437477.7771323, 1751437477.854288, 1751437477.932784, 1751437478.0056171, 1751437478.0842838, 1751437478.1637526, 1751437478.24058, 1751437478.3174443, 1751437478.3957229, 1751437478.4761775, 1751437478.557861, 1751437478.6378388, 1751437478.748117, 1751437478.830482, 1751437478.9108064, 1751437478.9911358, 1751437479.071254, 1751437479.152965, 1751437479.2321715, 1751437479.312175, 1751437479.3971128, 1751437479.6666062, 1751437479.7464924, 1751437479.8278441, 1751437479.908211, 1751437479.9891932, 1751437480.0698855, 1751437480.1507168, 1751437480.2313366, 1751437480.3118687, 1751437480.3927705, 1751437480.473116, 1751437480.5537596, 1751437480.634926, 1751437480.7149549, 1751437480.7963111, 1751437480.8769095, 1751437480.9589067, 1751437481.0461779, 1751437481.1279185, 1751437481.2088993, 1751437481.2893848, 1751437481.3689342, 1751437481.4490306, 1751437481.5297227, 1751437481.6114082, 1751437481.6936336, 1751437481.9700298, 1751437482.0573425, 1751437482.1432266, 1751437482.2279706, 1751437482.3150134, 1751437482.398874, 1751437482.4850767, 1751437482.5698683, 1751437482.655141, 1751437482.7414188, 1751437482.8293512, 1751437482.9148135, 1751437483.0018182, 1751437483.0879335, 1751437483.1746085, 1751437483.2608688, 1751437483.3477483, 1751437483.4352129, 1751437483.52249, 1751437483.6103506, 1751437483.7033193, 1751437483.7919407, 1751437483.881372, 1751437483.9703734, 1751437484.1834884, 1751437484.2747278, 1751437484.363477, 1751437484.4519339, 1751437484.5410814]"
1855,608,1247,"[1751437484.878072, 1751437484.972874, 1751437484.9736378, 1751437485.1707282, 1751437485.2513757, 1751437485.330179, 1751437485.4081929, 1751437485.4796855, 1751437485.5509067, 1751437485.624729, 1751437485.700715, 1751437485.7750025, 1751437485.8526945, 1751437485.9248726, 1751437486.0030646, 1751437486.078666, 1751437486.1559973, 1751437486.2352643, 1751437486.4281588, 1751437486.5075448, 1751437486.5862663, 1751437486.659752, 1751437486.7391717, 1751437486.8180275, 1751437486.8955588, 1751437486.9721067, 1751437487.0508478, 1751437487.1318374, 1751437487.2116945, 1751437487.2942743, 1751437487.3749077, 1751437487.454443, 1751437487.5357215, 1751437487.6160057, 1751437487.695498, 1751437487.777984, 1751437487.8576286, 1751437487.9375765, 1751437488.0180194, 1751437488.098548, 1751437488.1802628, 1751437488.2603526, 1751437488.341007, 1751437488.421113, 1751437488.6402335, 1751437488.7243407, 1751437488.806877, 1751437488.885965, 1751437488.9676104, 1751437489.0512125, 1751437489.1360354, 1751437489.217142, 1751437489.2974534, 1751437489.3786647, 1751437489.459105, 1751437489.5409815, 1751437489.6238358, 1751437489.710157, 1751437489.79203, 1751437489.8739216, 1751437489.9540892, 1751437490.034445, 1751437490.1150272, 1751437490.1959133, 1751437490.2768714, 1751437490.3595996, 1751437490.4471128, 1751437490.5288532, 1751437490.610867, 1751437490.6989913, 1751437490.8965907, 1751437490.9813993, 1751437491.0650468, 1751437491.152032, 1751437491.2360847, 1751437491.322976]"
2559,616,1943,"[1751437491.6865013, 1751437491.7956672, 1751437491.7964587, 1751437492.0856097, 1751437492.1600757, 1751437492.2380564, 1751437492.3109872, 1751437492.3841424, 1751437492.4612062, 1751437492.5348198, 1751437492.611962, 1751437492.6857927, 1751437492.7626686, 1751437492.836818, 1751437492.9144313, 1751437493.124544, 1751437493.2028031, 1751437493.2776194, 1751437493.356177, 1751437493.4332442, 1751437493.509142, 1751437493.5861218, 1751437493.6602821, 1751437493.7395387, 1751437493.8187666, 1751437493.8962371, 1751437493.9750085, 1751437494.0536342, 1751437494.132493, 1751437494.212476, 1751437494.2891715, 1751437494.3656118, 1751437494.44644, 1751437494.5257015, 1751437494.6053057, 1751437494.6870563, 1751437494.7669718, 1751437494.847661, 1751437494.9279296, 1751437495.0091789, 1751437495.0906157, 1751437495.1706452, 1751437495.2508147, 1751437495.3535712, 1751437495.610478, 1751437495.6955543, 1751437495.7750878, 1751437495.856396, 1751437495.9366014, 1751437496.0178223, 1751437496.0980244, 1751437496.178508, 1751437496.2588713, 1751437496.3409963, 1751437496.4213643, 1751437496.505547, 1751437496.590945, 1751437496.677381, 1751437496.7662952, 1751437496.853406, 1751437496.9381258, 1751437497.026235, 1751437497.1087477, 1751437497.1978211, 1751437497.2828631, 1751437497.3698003, 1751437497.4515574, 1751437497.539795, 1751437497.6224558, 1751437497.7138562, 1751437497.8897398, 1751437497.9739635, 1751437498.0556066, 1751437498.1414692, 1751437498.226302, 1751437498.3145258, 1751437498.397387]"
1479,232,1247,"[1751437498.757587, 1751437498.8590882, 1751437498.8600473, 1751437499.0387037, 1751437499.1237233, 1751437499.2034624, 1751437499.276637, 1751437499.3552473, 1751437499.4264777, 1751437499.4980435, 1751437499.585545, 1751437499.6596823, 1751437499.7378216, 1751437499.8104496, 1751437499.8885555, 1751437499.970089, 1751437500.1308217, 1751437500.207813, 1751437500.2822487, 1751437500.3599198, 1751437500.433326, 1751437500.5112486, 1751437500.587365, 1751437500.6656215, 1751437500.7444153, 1751437500.8265657, 1751437500.9058487, 1751437500.9867983, 1751437501.066987]"
2767,120,2647,"[1751437501.3982303, 1751437501.4845464, 1751437501.4853568, 1751437501.930025, 1751437502.0050566, 1751437502.0782382, 1751437502.156314, 1751437502.3548818, 1751437502.4303102, 1751437502.5098565, 1751437502.5848558, 1751437502.6607091, 1751437502.7348347, 1751437502.8124585, 1751437502.8899977]"
2127,296,1831,"[1751437503.2139897, 1751437503.3162565, 1751437503.3169882, 1751437503.5712762, 1751437503.647219, 1751437503.7201774, 1751437503.791619, 1751437503.8697917, 1751437503.9411893, 1751437504.0130184, 1751437504.0898273, 1751437504.1651032, 1751437504.2507582, 1751437504.324438, 1751437504.4019108, 1751437504.5966845, 1751437504.675623, 1751437504.7544165, 1751437504.8324966, 1751437504.908286, 1751437504.981483, 1751437505.0597281, 1751437505.1377063, 1751437505.2135375, 1751437505.2915082, 1751437505.370775, 1751437505.4495325, 1751437505.526199, 1751437505.602858, 1751437505.6815872, 1751437505.7628071, 1751437505.844247, 1751437505.924784, 1751437506.004533, 1751437506.0845022, 1751437506.1662912, 1751437506.2460127]"
2095,632,1463,"[1751437506.5836582, 1751437506.8563719, 1751437506.857548, 1751437506.9415147, 1751437507.014433, 1751437507.0855374, 1751437507.1630821, 1751437507.2388258, 1751437507.3180468, 1751437507.4059312, 1751437507.486889, 1751437507.5651646, 1751437507.6393876, 1751437507.7164803, 1751437507.7924447, 1751437507.870588, 1751437507.9508975, 1751437508.0311441, 1751437508.1105883, 1751437508.1910553, 1751437508.2715564, 1751437508.3516405, 1751437508.4277396, 1751437508.519778, 1751437508.5994911, 1751437508.6767979, 1751437508.7547507, 1751437508.8322928, 1751437508.9085937, 1751437509.1195266, 1751437509.2004092, 1751437509.279576, 1751437509.359993, 1751437509.4404778, 1751437509.5206633, 1751437509.6026957, 1751437509.6828184, 1751437509.763322, 1751437509.8445127, 1751437509.9252079, 1751437510.0064964, 1751437510.0864074, 1751437510.1662629, 1751437510.2465746, 1751437510.3279786, 1751437510.4084098, 1751437510.4889307, 1751437510.5694375, 1751437510.65015, 1751437510.730304, 1751437510.8117318, 1751437510.8916752, 1751437510.9731987, 1751437511.055619, 1751437511.1422682, 1751437511.2248106, 1751437511.3317735, 1751437511.6137133, 1751437511.6985092, 1751437511.7799892, 1751437511.8616061, 1751437511.9570842, 1751437512.0406213, 1751437512.121498, 1751437512.2059486, 1751437512.2915668, 1751437512.3740206, 1751437512.462531, 1751437512.5462036, 1751437512.634535, 1751437512.7166085, 1751437512.8002768, 1751437512.8868053, 1751437512.9683673, 1751437513.0553272, 1751437513.1385896, 1751437513.2204285, 1751437513.3090985, 1751437513.393838]"
1831,280,1551,"[1751437513.757017, 1751437513.9686997, 1751437513.9694767, 1751437514.2165363, 1751437514.294613, 1751437514.367269, 1751437514.442443, 1751437514.517502, 1751437514.5888586, 1751437514.666337, 1751437514.7391784, 1751437514.8104029, 1751437514.8842762, 1751437514.959879, 1751437515.031973, 1751437515.1027508, 1751437515.1804895, 1751437515.2535093, 1751437515.3307023, 1751437515.406521, 1751437515.485233, 1751437515.5652401, 1751437515.6449714, 1751437515.7214088, 1751437515.798351, 1751437515.878808, 1751437515.964914, 1751437516.1361346, 1751437516.2187848, 1751437516.3008316, 1751437516.3816226, 1751437516.4609761, 1751437516.5413978, 1751437516.6221304, 1751437516.7025406]"
2151,512,1639,"[1751437517.038419, 1751437517.1431222, 1751437517.1438823, 1751437517.3910584, 1751437517.4706008, 1751437517.5496113, 1751437517.6249418, 1751437517.6996536, 1751437517.7725742, 1751437517.8513274, 1751437517.9253175, 1751437518.0016491, 1751437518.073743, 1751437518.1524227, 1751437518.3581057, 1751437518.4354799, 1751437518.5255256, 1751437518.605001, 1751437518.6871207, 1751437518.7676456, 1751437518.8464575, 1751437518.927227, 1751437519.0067565, 1751437519.0889902, 1751437519.1688294, 1751437519.2497585, 1751437519.3289497, 1751437519.408958, 1751437519.4842052, 1751437519.5638533, 1751437519.6432385, 1751437519.7225368, 1751437519.8022776, 1751437519.8831413, 1751437519.963834, 1751437520.0460343, 1751437520.125963, 1751437520.2066898, 1751437520.2871625, 1751437520.3675387, 1751437520.456494, 1751437520.6173377, 1751437520.700523, 1751437520.7805605, 1751437520.860799, 1751437520.9431922, 1751437521.0236278, 1751437521.1039824, 1751437521.1839917, 1751437521.2643447, 1751437521.3448145, 1751437521.426385, 1751437521.5058022, 1751437521.5856361, 1751437521.667808, 1751437521.7479568, 1751437521.828765, 1751437521.9093463, 1751437521.9901373, 1751437522.0712197, 1751437522.1513686, 1751437522.2316167, 1751437522.3117452, 1751437522.393267]"
1415,456,959,"[1751437522.730161, 1751437522.8979273, 1751437522.8987374, 1751437523.045959, 1751437523.1189284, 1751437523.1970909, 1751437523.2688916, 1751437523.3398237, 1751437523.4186542, 1751437523.495146, 1751437523.5704367, 1751437523.6450293, 1751437523.7220917, 1751437523.7947567, 1751437523.8727748, 1751437523.946838, 1751437524.0240269, 1751437524.1031787, 1751437524.1832435, 1751437524.2636552, 1751437524.339654, 1751437524.4174545, 1751437524.4968712, 1751437524.5784485, 1751437524.6578095, 1751437524.7379057, 1751437524.81729, 1751437524.9028409, 1751437525.0801888, 1751437525.1604764, 1751437525.2408965, 1751437525.3218307, 1751437525.401093, 1751437525.4808905, 1751437525.5622895, 1751437525.6447904, 1751437525.7249649, 1751437525.8052268, 1751437525.886475, 1751437525.966723, 1751437526.047351, 1751437526.1267889, 1751437526.2078943, 1751437526.288987, 1751437526.3694258, 1751437526.4512045, 1751437526.5330875, 1751437526.619848, 1751437526.7031674, 1751437526.7830727, 1751437526.8639562, 1751437526.9446259, 1751437527.0255513, 1751437527.1060746, 1751437527.1866157, 1751437527.2856991, 1751437527.5852544]"
3087,248,2839,"[1751437527.931987, 1751437528.015645, 1751437528.0164104, 1751437528.5006979, 1751437528.5827794, 1751437528.6589813, 1751437528.7364023, 1751437528.8106315, 1751437528.886992, 1751437528.9590385, 1751437529.032151, 1751437529.1089005, 1751437529.1809149, 1751437529.2555895, 1751437529.3304284, 1751437529.4027417, 1751437529.4800901, 1751437529.5566406, 1751437529.6409147, 1751437529.8153503, 1751437529.894519, 1751437529.9744964, 1751437530.0490263, 1751437530.1270108, 1751437530.2052693, 1751437530.279706, 1751437530.3584166, 1751437530.4374378, 1751437530.5166745, 1751437530.593686, 1751437530.6706731]"
1799,184,1615,"[1751437531.002078, 1751437531.1071718, 1751437531.1079895, 1751437531.359383, 1751437531.4368117, 1751437531.507513, 1751437531.5795383, 1751437531.656672, 1751437531.7287025, 1751437531.8022861, 1751437531.884464, 1751437532.0471516, 1751437532.1228232, 1751437532.2001781, 1751437532.2716901, 1751437532.3439898, 1751437532.4227324, 1751437532.5007176, 1751437532.57586, 1751437532.6534746, 1751437532.7312703, 1751437532.807104, 1751437532.8854249]"
2191,488,1703,"[1751437533.2156363, 1751437533.3305464, 1751437533.3315156, 1751437533.562972, 1751437533.6406329, 1751437533.711505, 1751437533.783891, 1751437533.861865, 1751437533.9337163, 1751437534.01225, 1751437534.084856, 1751437534.170807, 1751437534.3317013, 1751437534.4077299, 1751437534.4856522, 1751437534.5604553, 1751437534.6366735, 1751437534.7091565, 1751437534.7880042, 1751437534.8675363, 1751437534.9418406, 1751437535.0231705, 1751437535.1029084, 1751437535.1839173, 1751437535.2619286, 1751437535.3421392, 1751437535.4211743, 1751437535.5014963, 1751437535.5791442, 1751437535.6565864, 1751437535.7357292, 1751437535.8139157, 1751437535.8938048, 1751437535.9717097, 1751437536.0535378, 1751437536.1369302, 1751437536.2176712, 1751437536.2973924, 1751437536.3779433, 1751437536.5676448, 1751437536.651834, 1751437536.7321992, 1751437536.8124726, 1751437536.8927562, 1751437536.9736502, 1751437537.055626, 1751437537.1347742, 1751437537.2198443, 1751437537.305876, 1751437537.3858576, 1751437537.4703958, 1751437537.5550413, 1751437537.6376002, 1751437537.720859, 1751437537.804464, 1751437537.8906476, 1751437537.9711757, 1751437538.0520806, 1751437538.132592, 1751437538.2135978, 1751437538.2927186]"
2007,560,1447,"[1751437538.6493888, 1751437538.9023898, 1751437538.9036024, 1751437538.989173, 1751437539.067516, 1751437539.1427796, 1751437539.219456, 1751437539.2914417, 1751437539.3708165, 1751437539.4454203, 1751437539.5206995, 1751437539.5953116, 1751437539.672551, 1751437539.746481, 1751437539.8246582, 1751437539.9028065, 1751437539.9788487, 1751437540.0559075, 1751437540.1343055, 1751437540.2088916, 1751437540.2873216, 1751437540.3654015, 1751437540.441529, 1751437540.5200832, 1751437540.6013358, 1751437540.6819983, 1751437540.7632277, 1751437540.8429067, 1751437540.9215612, 1751437541.1260452, 1751437541.2111478, 1751437541.2919745, 1751437541.3724878, 1751437541.452966, 1751437541.5334837, 1751437541.6143525, 1751437541.6950355, 1751437541.7752032, 1751437541.8558362, 1751437541.9471893, 1751437542.0280156, 1751437542.1091297, 1751437542.188506, 1751437542.2686384, 1751437542.3486688, 1751437542.4370377, 1751437542.5206447, 1751437542.6144474, 1751437542.7033055, 1751437542.783217, 1751437542.864379, 1751437542.9445648, 1751437543.0251563, 1751437543.1072955, 1751437543.1889372, 1751437543.2815204, 1751437543.5046022, 1751437543.5893445, 1751437543.6799343, 1751437543.7602053, 1751437543.8409283, 1751437543.9211993, 1751437544.0016813, 1751437544.0836937, 1751437544.1729057, 1751437544.254123, 1751437544.3367739, 1751437544.423298, 1751437544.505371, 1751437544.5861804]"
2103,504,1599,"[1751437544.9256454, 1751437545.0352576, 1751437545.0362227, 1751437545.2722435, 1751437545.3514276, 1751437545.4292624, 1751437545.5021293, 1751437545.7162828, 1751437545.7929525, 1751437545.8641214, 1751437545.9365966, 1751437546.0149384, 1751437546.0896776, 1751437546.1661375, 1751437546.2452292, 1751437546.3214629, 1751437546.3978806, 1751437546.4747632, 1751437546.5485666, 1751437546.6266565, 1751437546.7106264, 1751437546.7894824, 1751437546.8687563, 1751437546.9496796, 1751437547.029391, 1751437547.1029828, 1751437547.1813278, 1751437547.2581198, 1751437547.3378496, 1751437547.415753, 1751437547.5371878, 1751437547.6174164, 1751437547.697594, 1751437547.7766688, 1751437548.0167592, 1751437548.098794, 1751437548.1777933, 1751437548.2591708, 1751437548.3399045, 1751437548.4197752, 1751437548.5010736, 1751437548.5821223, 1751437548.6625721, 1751437548.743509, 1751437548.823292, 1751437548.9043021, 1751437548.98375, 1751437549.0647354, 1751437549.1455867, 1751437549.2269888, 1751437549.3077037, 1751437549.3886507, 1751437549.4780207, 1751437549.5593886, 1751437549.6400218, 1751437549.7205539, 1751437549.8002667, 1751437549.8810415, 1751437549.9622118, 1751437550.044083, 1751437550.250028, 1751437550.3364055, 1751437550.4171069]"
2111,120,1991,"[1751437550.758257, 1751437550.8701575, 1751437550.8711402, 1751437551.125132, 1751437551.2017748, 1751437551.2728627, 1751437551.344859, 1751437551.4229228, 1751437551.4952054, 1751437551.5743232, 1751437551.6487384, 1751437551.725262, 1751437551.8007839, 1751437551.8761027, 1751437551.9495177]"
1255,224,1031,"[1751437552.2816246, 1751437552.5552955, 1751437552.556535, 1751437552.6402316, 1751437552.7139034, 1751437552.7921197, 1751437552.8652475, 1751437552.9458985, 1751437553.024312, 1751437553.0965648, 1751437553.1746657, 1751437553.2460718, 1751437553.3213115, 1751437553.3967118, 1751437553.4701204, 1751437553.54831, 1751437553.6262808, 1751437553.6993506, 1751437553.776835, 1751437553.8505766, 1751437553.928301, 1751437554.0057268, 1751437554.0810652, 1751437554.1615336, 1751437554.2410908, 1751437554.3220565, 1751437554.4021294, 1751437554.4823437]"
1511,232,1279,"[1751437554.906517, 1751437555.0018523, 1751437555.002695, 1751437555.2223356, 1751437555.3013093, 1751437555.3745396, 1751437555.4526494, 1751437555.5243487, 1751437555.5977516, 1751437555.6754384, 1751437555.7510042, 1751437555.8259263, 1751437555.8985438, 1751437555.9772341, 1751437556.054757, 1751437556.1283677, 1751437556.206086, 1751437556.2805605, 1751437556.3595076, 1751437556.438049, 1751437556.5119586, 1751437556.5907083, 1751437556.6691096, 1751437556.7438939, 1751437556.822, 1751437557.0217087, 1751437557.1023161, 1751437557.1835544, 1751437557.273488]"
2711,608,2103,"[1751437557.624257, 1751437557.7124019, 1751437557.713372, 1751437558.058163, 1751437558.134327, 1751437558.2132552, 1751437558.2844844, 1751437558.361808, 1751437558.4346712, 1751437558.5112703, 1751437558.585373, 1751437558.6588266, 1751437558.7373335, 1751437558.809998, 1751437558.8877537, 1751437558.9618778, 1751437559.0411634, 1751437559.1248627, 1751437559.2963884, 1751437559.3734899, 1751437559.4520333, 1751437559.5335786, 1751437559.6126878, 1751437559.691894, 1751437559.7705715, 1751437559.8484905, 1751437559.925905, 1751437560.0050547, 1751437560.0849102, 1751437560.1630177, 1751437560.2419362, 1751437560.3201635, 1751437560.3988633, 1751437560.4788404, 1751437560.5586734, 1751437560.6409786, 1751437560.7217882, 1751437560.8018024, 1751437560.882381, 1751437560.9628665, 1751437561.0445464, 1751437561.1249928, 1751437561.204871, 1751437561.2854037, 1751437561.3744736, 1751437561.5391033, 1751437561.620646, 1751437561.708024, 1751437561.7894685, 1751437561.870899, 1751437561.9516964, 1751437562.0326583, 1751437562.1129124, 1751437562.1936436, 1751437562.2741354, 1751437562.3548121, 1751437562.434439, 1751437562.5146387, 1751437562.596298, 1751437562.6798642, 1751437562.7666986, 1751437562.8476722, 1751437562.931887, 1751437563.018743, 1751437563.107298, 1751437563.1898172, 1751437563.2727706, 1751437563.3598645, 1751437563.4412603, 1751437563.5224996, 1751437563.6125276, 1751437563.7817168, 1751437563.864451, 1751437563.9523332, 1751437564.0357747, 1751437564.1181376]"
3535,1176,2359,"[1751437564.4534922, 1751437564.5387683, 1751437564.5395284, 1751437564.8912623, 1751437564.9631484, 1751437565.041634, 1751437565.1134205, 1751437565.1873467, 1751437565.2626874, 1751437565.334848, 1751437565.4050887, 1751437565.477638, 1751437565.556687, 1751437565.6349537, 1751437565.7097108, 1751437565.7878106, 1751437565.9870164, 1751437566.0619621, 1751437566.1398094, 1751437566.2162256, 1751437566.2917464, 1751437566.3702648, 1751437566.447651, 1751437566.525387, 1751437566.6041317, 1751437566.6849666, 1751437566.7635226, 1751437566.8438342, 1751437566.922402, 1751437567.000627, 1751437567.0789187, 1751437567.1580064, 1751437567.2393956, 1751437567.3193357, 1751437567.3990488, 1751437567.521084, 1751437567.6006227, 1751437567.681908, 1751437567.7631109, 1751437567.843714, 1751437567.9252138, 1751437568.005972, 1751437568.0861375, 1751437568.2756343, 1751437568.3585384, 1751437568.440595, 1751437568.5214756, 1751437568.6071732, 1751437568.6903267, 1751437568.772439, 1751437568.8525918, 1751437568.9325094, 1751437569.013235, 1751437569.093756, 1751437569.1737704, 1751437569.2566552, 1751437569.3421373, 1751437569.4256456, 1751437569.5064085, 1751437569.5869455, 1751437569.6681607, 1751437569.749467, 1751437569.8301568, 1751437569.9113576, 1751437569.9992425, 1751437570.080771, 1751437570.161716, 1751437570.2432868, 1751437570.3289175, 1751437570.5372834, 1751437570.6245327, 1751437570.7059174, 1751437570.7899165, 1751437570.8764374, 1751437570.9580631, 1751437571.041583, 1751437571.1287813, 1751437571.2107584, 1751437571.2977247, 1751437571.3819566, 1751437571.468891, 1751437571.5530396, 1751437571.6374257, 1751437571.7244637, 1751437571.8136032, 1751437571.9090588, 1751437571.9977474, 1751437572.0855112, 1751437572.1736417, 1751437572.2600996, 1751437572.3469036, 1751437572.4367464, 1751437572.5269907, 1751437572.7490144, 1751437572.8394125, 1751437572.9284048, 1751437573.0187001, 1751437573.1094384, 1751437573.203375, 1751437573.293859, 1751437573.3846674, 1751437573.4754658, 1751437573.566217, 1751437573.667798, 1751437573.7584848, 1751437573.849362, 1751437573.9401166, 1751437574.0312123, 1751437574.1225605, 1751437574.2146726, 1751437574.3099296, 1751437574.4029377, 1751437574.4967608, 1751437574.5925426, 1751437574.685522, 1751437574.7783985, 1751437574.9852328, 1751437575.079444, 1751437575.1729975, 1751437575.26724, 1751437575.361546, 1751437575.4556816, 1751437575.5501752, 1751437575.6461565, 1751437575.7428544, 1751437575.8377392, 1751437575.934616, 1751437576.0313232, 1751437576.1288254, 1751437576.225681, 1751437576.3221545, 1751437576.4187064, 1751437576.516122, 1751437576.6134837, 1751437576.7105377, 1751437576.808427, 1751437576.9063823, 1751437577.004146, 1751437577.2114327, 1751437577.310787, 1751437577.4135122, 1751437577.5131378, 1751437577.6134791, 1751437577.7135804, 1751437577.8133368, 1751437577.913102, 1751437578.0127745]"
1847,472,1375,"[1751437578.376056, 1751437578.4739661, 1751437578.4748063, 1751437578.7496443, 1751437578.8336697, 1751437578.9062755, 1751437578.9888911, 1751437579.0657625, 1751437579.1421916, 1751437579.2176044, 1751437579.2994182, 1751437579.4776394, 1751437579.5580747, 1751437579.6336646, 1751437579.709428, 1751437579.7873242, 1751437579.8609068, 1751437579.9385543, 1751437580.0126092, 1751437580.0914087, 1751437580.16951, 1751437580.2432015, 1751437580.3221192, 1751437580.4014127, 1751437580.4788594, 1751437580.555246, 1751437580.63358, 1751437580.7133157, 1751437580.7947607, 1751437580.8717573, 1751437580.9505801, 1751437581.0305462, 1751437581.1104782, 1751437581.189953, 1751437581.2709827, 1751437581.3514957, 1751437581.4312, 1751437581.516154, 1751437581.712987, 1751437581.7927883, 1751437581.8743672, 1751437581.9542482, 1751437582.0351145, 1751437582.1154475, 1751437582.195887, 1751437582.2764897, 1751437582.3567247, 1751437582.437388, 1751437582.5178864, 1751437582.5984216, 1751437582.681935, 1751437582.78026, 1751437582.87505, 1751437582.972224, 1751437583.0718799, 1751437583.1713812, 1751437583.265464, 1751437583.363998, 1751437583.4610565]"
2431,184,2247,"[1751437583.8233223, 1751437584.0415123, 1751437584.0424666, 1751437584.397872, 1751437584.4839644, 1751437584.5724642, 1751437584.6573665, 1751437584.7460055, 1751437584.8335874, 1751437584.9215138, 1751437585.0112498, 1751437585.1008606, 1751437585.189252, 1751437585.2778032, 1751437585.3674664, 1751437585.454873, 1751437585.5415409, 1751437585.6318345, 1751437585.7214377, 1751437585.8129103, 1751437585.9031124, 1751437585.9940176, 1751437586.217503]"
3271,984,2287,"[1751437586.55989, 1751437586.6502626, 1751437586.6512156, 1751437587.0096102, 1751437587.0942137, 1751437587.1825316, 1751437587.2662308, 1751437587.3453617, 1751437587.424209, 1751437587.4983242, 1751437587.574367, 1751437587.6483243, 1751437587.7263267, 1751437587.8038557, 1751437587.879121, 1751437587.9573183, 1751437588.032718, 1751437588.1091053, 1751437588.1874857, 1751437588.2614198, 1751437588.4619374, 1751437588.5421238, 1751437588.6214802, 1751437588.7009737, 1751437588.7767854, 1751437588.8546698, 1751437588.93377, 1751437589.0132656, 1751437589.0929124, 1751437589.1728373, 1751437589.2513716, 1751437589.3306985, 1751437589.4079728, 1751437589.4868798, 1751437589.567906, 1751437589.6490178, 1751437589.729514, 1751437589.8096647, 1751437589.890006, 1751437589.9704635, 1751437590.0519698, 1751437590.1328142, 1751437590.212529, 1751437590.29411, 1751437590.375965, 1751437590.4616213, 1751437590.6975276, 1751437590.777911, 1751437590.857396, 1751437590.9382503, 1751437591.0193894, 1751437591.1006272, 1751437591.1803737, 1751437591.2607715, 1751437591.341162, 1751437591.4229107, 1751437591.5030484, 1751437591.584198, 1751437591.6645973, 1751437591.7457807, 1751437591.826091, 1751437591.9066544, 1751437591.9875808, 1751437592.0686092, 1751437592.1510937, 1751437592.2371502, 1751437592.319729, 1751437592.3998058, 1751437592.4801793, 1751437592.5613961, 1751437592.6440146, 1751437592.7316222, 1751437592.9408886, 1751437593.0254054, 1751437593.1132863, 1751437593.1954236, 1751437593.2778635, 1751437593.3665676, 1751437593.4488115, 1751437593.5341337, 1751437593.6194665, 1751437593.7039955, 1751437593.7907658, 1751437593.874555, 1751437593.9655979, 1751437594.0535111, 1751437594.1414018, 1751437594.227953, 1751437594.3159544, 1751437594.405204, 1751437594.4935288, 1751437594.5797198, 1751437594.6673257, 1751437594.7571926, 1751437594.8455818, 1751437594.934607, 1751437595.028914, 1751437595.1907792, 1751437595.2797427, 1751437595.370142, 1751437595.4595528, 1751437595.5515773, 1751437595.6402712, 1751437595.7347653, 1751437595.8250544, 1751437595.9161503, 1751437596.0055118, 1751437596.0961723, 1751437596.1870577, 1751437596.276751, 1751437596.3672063, 1751437596.4581575, 1751437596.5490537, 1751437596.6443422, 1751437596.7396631, 1751437596.8312578, 1751437596.9226024, 1751437597.013668, 1751437597.104884, 1751437597.196235, 1751437597.416446, 1751437597.508885, 1751437597.6015742]"
1671,440,1231,"[1751437597.9530034, 1751437598.0501914, 1751437598.051166, 1751437598.2330759, 1751437598.312104, 1751437598.39088, 1751437598.465081, 1751437598.5433807, 1751437598.6150346, 1751437598.7555275, 1751437598.8297505, 1751437598.9052672, 1751437598.978371, 1751437599.0576532, 1751437599.1352112, 1751437599.2076497, 1751437599.283423, 1751437599.35924, 1751437599.4367337, 1751437599.5116494, 1751437599.7036445, 1751437599.7817364, 1751437599.8615427, 1751437599.9372342, 1751437600.0151436, 1751437600.0944438, 1751437600.1736693, 1751437600.2541435, 1751437600.3347843, 1751437600.4152675, 1751437600.4973059, 1751437600.5769625, 1751437600.6574516, 1751437600.7381737, 1751437600.818418, 1751437600.8998706, 1751437600.97986, 1751437601.0616038, 1751437601.1413984, 1751437601.222964, 1751437601.3046198, 1751437601.384362, 1751437601.4658144, 1751437601.5507104, 1751437601.635304, 1751437601.717382, 1751437601.9372706, 1751437602.0243504, 1751437602.1081018, 1751437602.1888072, 1751437602.2694845, 1751437602.3501189, 1751437602.430963, 1751437602.5115259, 1751437602.5923383]"
5047,1624,3423,"[1751437602.9326382, 1751437603.0149903, 1751437603.0156531, 1751437603.540392, 1751437603.6230834, 1751437603.7091365, 1751437603.7827783, 1751437603.8613598, 1751437603.9347668, 1751437604.0135593, 1751437604.2151253, 1751437604.2937717, 1751437604.3734741, 1751437604.4466605, 1751437604.5250168, 1751437604.602628, 1751437604.6781237, 1751437604.756741, 1751437604.834548, 1751437604.9099197, 1751437604.9881032, 1751437605.0619326, 1751437605.140217, 1751437605.220091, 1751437605.3004684, 1751437605.381047, 1751437605.4610746, 1751437605.5429525, 1751437605.624247, 1751437605.7041385, 1751437605.785381, 1751437605.8652573, 1751437605.946009, 1751437606.0269802, 1751437606.1082659, 1751437606.1899936, 1751437606.2705383, 1751437606.4665062, 1751437606.5517921, 1751437606.633652, 1751437606.7148285, 1751437606.79473, 1751437606.8758225, 1751437606.9583917, 1751437607.0452545, 1751437607.1264262, 1751437607.2078807, 1751437607.3092313, 1751437607.3906775, 1751437607.4776514, 1751437607.5603087, 1751437607.6415381, 1751437607.7241344, 1751437607.8112137, 1751437607.8931162, 1751437607.981413, 1751437608.0649498, 1751437608.1469402, 1751437608.2345207, 1751437608.3172102, 1751437608.3977208, 1751437608.4927828, 1751437608.7109847, 1751437608.799178, 1751437608.881409, 1751437608.9626396, 1751437609.050267, 1751437609.1331306, 1751437609.215148, 1751437609.3044, 1751437609.387883, 1751437609.4748995, 1751437609.558277, 1751437609.6468678, 1751437609.7314541, 1751437609.8199077, 1751437609.9082074, 1751437609.9918184, 1751437610.0801265, 1751437610.1675541, 1751437610.2538934, 1751437610.3428335, 1751437610.4311628, 1751437610.5222821, 1751437610.6084068, 1751437610.695552, 1751437610.787174, 1751437610.9677804, 1751437611.057404, 1751437611.1484075, 1751437611.23775, 1751437611.3277504, 1751437611.418256, 1751437611.5098903, 1751437611.5986633, 1751437611.6898265, 1751437611.7811506, 1751437611.8735683, 1751437611.9640994, 1751437612.0544634, 1751437612.1456528, 1751437612.2365274, 1751437612.327658, 1751437612.4182906, 1751437612.5076742, 1751437612.5984714, 1751437612.6887925, 1751437612.7797074, 1751437612.8719993, 1751437612.962109, 1751437613.1804729, 1751437613.2770562, 1751437613.372823, 1751437613.4658513, 1751437613.5564272, 1751437613.6479595, 1751437613.7393267, 1751437613.8306267, 1751437613.9221041, 1751437614.0138469, 1751437614.1056368, 1751437614.1983807, 1751437614.2928522, 1751437614.38551, 1751437614.4779947, 1751437614.5711396, 1751437614.668124, 1751437614.7657652, 1751437614.860308, 1751437614.9551866, 1751437615.0508518, 1751437615.1463056, 1751437615.2423317, 1751437615.4233115, 1751437615.5181537, 1751437615.6141338, 1751437615.7096105, 1751437615.8061965, 1751437615.9023304, 1751437615.9997854, 1751437616.0977893, 1751437616.1950948, 1751437616.2939208, 1751437616.3935926, 1751437616.4924455, 1751437616.590907, 1751437616.689488, 1751437616.7887967, 1751437616.8880363, 1751437616.988567, 1751437617.0870907, 1751437617.186577, 1751437617.289204, 1751437617.389149, 1751437617.498342, 1751437617.6676202, 1751437617.7710633, 1751437617.872281, 1751437617.9734068, 1751437618.0746176, 1751437618.1759186, 1751437618.276936, 1751437618.3781517, 1751437618.486774, 1751437618.5889409, 1751437618.6907682, 1751437618.7929966, 1751437618.8952155, 1751437618.9997792, 1751437619.1028955, 1751437619.206854, 1751437619.3115065, 1751437619.4171286, 1751437619.5223985, 1751437619.6301801, 1751437619.7379217, 1751437619.8461905, 1751437620.1534207, 1751437620.2642639, 1751437620.3725984, 1751437620.4813173, 1751437620.5897434, 1751437620.6999483, 1751437620.8092337, 1751437620.918977, 1751437621.028792, 1751437621.1388628, 1751437621.2494195, 1751437621.3597977, 1751437621.470092, 1751437621.5811956, 1751437621.6924596, 1751437621.8035026, 1751437621.915554, 1751437622.0273237, 1751437622.1394541, 1751437622.3707178, 1751437622.486722, 1751437622.5995986, 1751437622.7128131, 1751437622.826047, 1751437622.939612, 1751437623.0534992]"
2743,608,2135,"[1751437623.4494042, 1751437623.532665, 1751437623.533354, 1751437623.8962803, 1751437623.971248, 1751437624.0465648, 1751437624.1184652, 1751437624.1958237, 1751437624.2690856, 1751437624.3467495, 1751437624.42077, 1751437624.6178539, 1751437624.6948276, 1751437624.7722123, 1751437624.8446388, 1751437624.9235291, 1751437624.9976149, 1751437625.0762556, 1751437625.1555998, 1751437625.2363377, 1751437625.317342, 1751437625.3964307, 1751437625.472467, 1751437625.5501032, 1751437625.6299822, 1751437625.7100947, 1751437625.7895417, 1751437625.8698368, 1751437625.9508052, 1751437626.0311992, 1751437626.1102827, 1751437626.191221, 1751437626.2740083, 1751437626.3547978, 1751437626.4354644, 1751437626.5189316, 1751437626.5990276, 1751437626.6843917, 1751437626.858534, 1751437626.9394355, 1751437627.0205681, 1751437627.1012235, 1751437627.1796796, 1751437627.2642899, 1751437627.3452473, 1751437627.4261, 1751437627.5072887, 1751437627.5892417, 1751437627.675671, 1751437627.7583916, 1751437627.839604, 1751437627.919943, 1751437628.000303, 1751437628.0810463, 1751437628.1616359, 1751437628.2432568, 1751437628.3242934, 1751437628.4075801, 1751437628.5044837, 1751437628.5895913, 1751437628.6757462, 1751437628.757641, 1751437628.8408809, 1751437628.9345832, 1751437629.1375961, 1751437629.2206736, 1751437629.3015704, 1751437629.3842187, 1751437629.471144, 1751437629.5544703, 1751437629.636315, 1751437629.724386, 1751437629.8113341, 1751437629.8967128, 1751437629.980523, 1751437630.06756]"
1143,320,823,"[1751437630.4029057, 1751437630.4842231, 1751437630.4849951, 1751437630.6560907, 1751437630.7351754, 1751437630.8144495, 1751437630.8934996, 1751437630.9664402, 1751437631.0441396, 1751437631.117714, 1751437631.3316894, 1751437631.4132323, 1751437631.4901996, 1751437631.5686233, 1751437631.6443436, 1751437631.7221088, 1751437631.8012688, 1751437631.88644, 1751437631.974177, 1751437632.0512161, 1751437632.1305358, 1751437632.2095585, 1751437632.2866507, 1751437632.3659077, 1751437632.4460843, 1751437632.5277867, 1751437632.6074142, 1751437632.688012, 1751437632.7689095, 1751437632.8492534, 1751437632.9312596, 1751437633.0119798, 1751437633.0923228, 1751437633.1734245, 1751437633.2532797, 1751437633.3347652, 1751437633.549286, 1751437633.638742, 1751437633.7257214, 1751437633.809778]"
1455,136,1319,"[1751437634.1550376, 1751437634.25006, 1751437634.250834, 1751437634.4853425, 1751437634.563645, 1751437634.6377378, 1751437634.7151244, 1751437634.7896476, 1751437634.8670838, 1751437634.9436982, 1751437635.0189872, 1751437635.097001, 1751437635.1707253, 1751437635.248977, 1751437635.324136, 1751437635.4021697, 1751437635.4804397]"
1687,176,1511,"[1751437635.8171678, 1751437636.1128469, 1751437636.1136906, 1751437636.3221378, 1751437636.4000053, 1751437636.4738765, 1751437636.55706, 1751437636.6318605, 1751437636.7046568, 1751437636.7832503, 1751437636.861679, 1751437636.9367297, 1751437637.0147839, 1751437637.0896528, 1751437637.1685214, 1751437637.248508, 1751437637.344863, 1751437637.4271054, 1751437637.5080047, 1751437637.5844898, 1751437637.6620545, 1751437637.7423842]"
1607,256,1351,"[1751437638.0789657, 1751437638.337891, 1751437638.3390822, 1751437638.4366658, 1751437638.52954, 1751437638.6085584, 1751437638.6873088, 1751437638.7599711, 1751437638.8363154, 1751437638.9127913, 1751437638.9912348, 1751437639.0703585, 1751437639.147993, 1751437639.225197, 1751437639.3045218, 1751437639.3858585, 1751437639.4665604, 1751437639.546152, 1751437639.6252363, 1751437639.7045484, 1751437639.7831173, 1751437639.8612761, 1751437639.9383373, 1751437640.0169032, 1751437640.0917406, 1751437640.171224, 1751437640.2501123, 1751437640.3303123, 1751437640.4234266, 1751437640.574958, 1751437640.654437, 1751437640.7342224]"
1399,320,1079,"[1751437641.077031, 1751437641.170912, 1751437641.1717684, 1751437641.3613207, 1751437641.4393094, 1751437641.5141778, 1751437641.5933166, 1751437641.6728542, 1751437641.74681, 1751437641.8238373, 1751437641.8973389, 1751437641.9741287, 1751437642.0486474, 1751437642.1252043, 1751437642.2038627, 1751437642.278417, 1751437642.357074, 1751437642.4334803, 1751437642.509576, 1751437642.588546, 1751437642.7957308, 1751437642.8751638, 1751437642.9546776, 1751437643.0348177, 1751437643.1141396, 1751437643.1949754, 1751437643.27395, 1751437643.3544216, 1751437643.4349115, 1751437643.5158393, 1751437643.5983603, 1751437643.6789649, 1751437643.7593782, 1751437643.8394766, 1751437643.9199178, 1751437644.001385, 1751437644.0784438, 1751437644.1612072, 1751437644.242284, 1751437644.323456]"
2063,704,1359,"[1751437644.6774786, 1751437644.779989, 1751437644.7808607, 1751437645.1389875, 1751437645.2189126, 1751437645.2922623, 1751437645.369784, 1751437645.4422297, 1751437645.5157585, 1751437645.5934398, 1751437645.6725223, 1751437645.7486305, 1751437645.824869, 1751437645.9025152, 1751437645.9767606, 1751437646.0531254, 1751437646.128477, 1751437646.20658, 1751437646.282659, 1751437646.3624272, 1751437646.4411108, 1751437646.5203981, 1751437646.5996969, 1751437646.6780362, 1751437646.7570465, 1751437646.834658, 1751437646.9129448, 1751437646.9938436, 1751437647.0744698, 1751437647.1596966, 1751437647.3443694, 1751437647.4270642, 1751437647.5078595, 1751437647.5892155, 1751437647.6694539, 1751437647.750769, 1751437647.830276, 1751437647.911302, 1751437647.9911368, 1751437648.07154, 1751437648.1548808, 1751437648.2344985, 1751437648.3147538, 1751437648.3952136, 1751437648.483476, 1751437648.5674522, 1751437648.649602, 1751437648.7317605, 1751437648.8167381, 1751437648.8975184, 1751437648.9798868, 1751437649.0603602, 1751437649.1411095, 1751437649.2212515, 1751437649.3031561, 1751437649.3900123, 1751437649.5686219, 1751437649.6550183, 1751437649.7351613, 1751437649.816396, 1751437649.89537, 1751437649.9781098, 1751437650.062103, 1751437650.1492589, 1751437650.2334623, 1751437650.322302, 1751437650.4108105, 1751437650.495153, 1751437650.5816934, 1751437650.668709, 1751437650.7540865, 1751437650.834987, 1751437650.9191184, 1751437651.0056527, 1751437651.0876665, 1751437651.1732051, 1751437651.2587008, 1751437651.3471143, 1751437651.4325058, 1751437651.5206213, 1751437651.6087003, 1751437651.6945777, 1751437651.7906134, 1751437652.092756, 1751437652.178973, 1751437652.265658, 1751437652.3533137, 1751437652.4371238]"
1823,440,1383,"[1751437652.7888765, 1751437652.8890986, 1751437652.8898652, 1751437653.1029177, 1751437653.1833096, 1751437653.2603998, 1751437653.3330734, 1751437653.4061882, 1751437653.483658, 1751437653.5586045, 1751437653.6356087, 1751437653.713694, 1751437653.7875495, 1751437653.865542, 1751437653.9413047, 1751437654.017848, 1751437654.0938544, 1751437654.3009257, 1751437654.3782983, 1751437654.454419, 1751437654.5314763, 1751437654.610255, 1751437654.685304, 1751437654.7631118, 1751437654.842482, 1751437654.9231508, 1751437655.0012438, 1751437655.0767655, 1751437655.155716, 1751437655.236191, 1751437655.3166037, 1751437655.3965535, 1751437655.4768386, 1751437655.5591004, 1751437655.6399288, 1751437655.7224874, 1751437655.802133, 1751437655.8829215, 1751437655.9646556, 1751437656.046486, 1751437656.1331038, 1751437656.2138605, 1751437656.2957451, 1751437656.3816488, 1751437656.54796, 1751437656.6289504, 1751437656.7077699, 1751437656.7898831, 1751437656.8697817, 1751437656.9506235, 1751437657.0310457, 1751437657.1109664, 1751437657.1912465, 1751437657.2727857, 1751437657.356689]"
1495,624,871,"[1751437657.7009737, 1751437657.7837763, 1751437657.7845402, 1751437657.9432058, 1751437658.017905, 1751437658.0918338, 1751437658.169211, 1751437658.2474508, 1751437658.3272388, 1751437658.409297, 1751437658.490502, 1751437658.5711653, 1751437658.7743785, 1751437658.8533447, 1751437658.9325585, 1751437659.0086784, 1751437659.0953648, 1751437659.1739469, 1751437659.2525945, 1751437659.328492, 1751437659.4068432, 1751437659.4876027, 1751437659.5671344, 1751437659.6470091, 1751437659.724607, 1751437659.801307, 1751437659.8805087, 1751437659.9598093, 1751437660.0402331, 1751437660.1208935, 1751437660.2021544, 1751437660.2821324, 1751437660.362746, 1751437660.4444928, 1751437660.524276, 1751437660.6056716, 1751437660.6848328, 1751437660.7655706, 1751437660.8543272, 1751437661.017459, 1751437661.0989385, 1751437661.1797915, 1751437661.2601824, 1751437661.3412476, 1751437661.4212947, 1751437661.501707, 1751437661.580287, 1751437661.6629047, 1751437661.7436898, 1751437661.8257825, 1751437661.9221947, 1751437662.0069282, 1751437662.0935485, 1751437662.1761246, 1751437662.2561867, 1751437662.3368654, 1751437662.4173572, 1751437662.4980965, 1751437662.5786421, 1751437662.6593704, 1751437662.7393777, 1751437662.8222437, 1751437662.909159, 1751437662.9912386, 1751437663.0784366, 1751437663.2497241, 1751437663.3342874, 1751437663.4170232, 1751437663.5036993, 1751437663.5875814, 1751437663.6832986, 1751437663.7671933, 1751437663.855314, 1751437663.9393973, 1751437664.0286882, 1751437664.1126697, 1751437664.1997902, 1751437664.2833421]"
1295,280,1015,"[1751437664.639813, 1751437664.7238882, 1751437664.72466, 1751437664.8747437, 1751437664.9489524, 1751437665.025871, 1751437665.0978863, 1751437665.1772459, 1751437665.2551847, 1751437665.4589992, 1751437665.5340948, 1751437665.6095812, 1751437665.6880019, 1751437665.7625804, 1751437665.8415434, 1751437665.919943, 1751437665.9949088, 1751437666.072699, 1751437666.1456704, 1751437666.2238133, 1751437666.303038, 1751437666.382782, 1751437666.458372, 1751437666.5351646, 1751437666.6136827, 1751437666.6911647, 1751437666.768533, 1751437666.8484647, 1751437666.9289994, 1751437667.0094311, 1751437667.0902317, 1751437667.1707425, 1751437667.2564535, 1751437667.3381062, 1751437667.41979]"
1335,232,1103,"[1751437667.7552507, 1751437668.0285726, 1751437668.0294528, 1751437668.1900942, 1751437668.2679281, 1751437668.341371, 1751437668.4193401, 1751437668.4982789, 1751437668.573989, 1751437668.6520097, 1751437668.730003, 1751437668.8042424, 1751437668.8828418, 1751437668.9594302, 1751437669.0362566, 1751437669.1143568, 1751437669.1896439, 1751437669.2649465, 1751437669.3401413, 1751437669.4162378, 1751437669.4959536, 1751437669.5767753, 1751437669.6569731, 1751437669.7334073, 1751437669.809612, 1751437669.8890636, 1751437669.9686894, 1751437670.1792586, 1751437670.2585568]"
2727,760,1967,"[1751437670.5907063, 1751437670.7012005, 1751437670.7019668, 1751437670.9831674, 1751437671.0593026, 1751437671.1349576, 1751437671.2101657, 1751437671.2845855, 1751437671.3614986, 1751437671.4409907, 1751437671.516728, 1751437671.5961359, 1751437671.6757762, 1751437671.7543755, 1751437671.8326232, 1751437671.906516, 1751437671.985326, 1751437672.0629241, 1751437672.1383579, 1751437672.2186513, 1751437672.4255571, 1751437672.5086465, 1751437672.5880966, 1751437672.668185, 1751437672.7441683, 1751437672.8214495, 1751437672.9001374, 1751437672.9752657, 1751437673.0525742, 1751437673.13308, 1751437673.2184837, 1751437673.301084, 1751437673.383226, 1751437673.4641547, 1751437673.5447598, 1751437673.6265364, 1751437673.706921, 1751437673.7871616, 1751437673.8685603, 1751437673.948601, 1751437674.0289676, 1751437674.108871, 1751437674.1892943, 1751437674.2694657, 1751437674.3508577, 1751437674.4320557, 1751437674.6390953, 1751437674.724199, 1751437674.807292, 1751437674.8942297, 1751437674.9763684, 1751437675.0560617, 1751437675.1371229, 1751437675.2185361, 1751437675.2987163, 1751437675.381453, 1751437675.468299, 1751437675.550469, 1751437675.6313734, 1751437675.7122111, 1751437675.7950099, 1751437675.8813324, 1751437675.9626076, 1751437676.043528, 1751437676.124606, 1751437676.2055745, 1751437676.2869668, 1751437676.3755531, 1751437676.4599442, 1751437676.5477145, 1751437676.629961, 1751437676.7238257, 1751437676.8944933, 1751437676.9803748, 1751437677.063393, 1751437677.151094, 1751437677.2360816, 1751437677.3999786, 1751437677.485381, 1751437677.5746841, 1751437677.6631172, 1751437677.7491395, 1751437677.8367205, 1751437677.9260619, 1751437678.0170493, 1751437678.1085005, 1751437678.2119277, 1751437678.320513, 1751437678.4232342, 1751437678.5333805, 1751437678.641137, 1751437678.743008, 1751437678.844202, 1751437678.9523869, 1751437679.126754]"
1951,344,1607,"[1751437679.520065, 1751437679.6364305, 1751437679.6374006, 1751437679.9022698, 1751437679.9921103, 1751437680.080035, 1751437680.1633673, 1751437680.2512188, 1751437680.3346868, 1751437680.4231024, 1751437680.508193, 1751437680.5963376, 1751437680.6853275, 1751437680.7728224, 1751437680.8585227, 1751437680.9473813, 1751437681.0336637, 1751437681.1206012, 1751437681.3375185, 1751437681.4311697, 1751437681.5193398, 1751437681.6130068, 1751437681.7042701, 1751437681.7957218, 1751437681.8948746, 1751437681.9867907, 1751437682.0771286, 1751437682.1682816, 1751437682.2589657, 1751437682.3504114, 1751437682.4405363, 1751437682.5313497, 1751437682.6217124, 1751437682.7143526, 1751437682.8113198, 1751437682.9040523, 1751437682.9939227, 1751437683.0845363, 1751437683.1784132, 1751437683.2764795, 1751437683.3678808, 1751437683.4584885, 1751437683.5540295]"
2095,664,1431,"[1751437684.0760837, 1751437684.1790016, 1751437684.1797824, 1751437684.3949215, 1751437684.4728081, 1751437684.5463157, 1751437684.6195838, 1751437684.696109, 1751437684.7698073, 1751437684.8481605, 1751437684.923199, 1751437685.0043404, 1751437685.0801017, 1751437685.159272, 1751437685.2312198, 1751437685.3083587, 1751437685.3823981, 1751437685.4597723, 1751437685.5344646, 1751437685.6136339, 1751437685.6920383, 1751437685.7715046, 1751437685.8470004, 1751437686.0465355, 1751437686.1250725, 1751437686.2050264, 1751437686.285451, 1751437686.366837, 1751437686.4467435, 1751437686.5274012, 1751437686.6089249, 1751437686.6886346, 1751437686.7685559, 1751437686.8489025, 1751437686.9297376, 1751437687.0116255, 1751437687.0911694, 1751437687.171771, 1751437687.2533796, 1751437687.3357263, 1751437687.4230974, 1751437687.5043995, 1751437687.5821817, 1751437687.6623511, 1751437687.7465131, 1751437687.8271356, 1751437687.9063535, 1751437687.987178, 1751437688.0681129, 1751437688.2733092, 1751437688.3605266, 1751437688.441526, 1751437688.5233293, 1751437688.6123364, 1751437688.6965144, 1751437688.7839408, 1751437688.8654666, 1751437688.953971, 1751437689.0348504, 1751437689.1171691, 1751437689.2002826, 1751437689.2857103, 1751437689.3666427, 1751437689.4479241, 1751437689.5311697, 1751437689.618021, 1751437689.7007039, 1751437689.7914116, 1751437689.8790588, 1751437689.9625685, 1751437690.044236, 1751437690.131591, 1751437690.2131987, 1751437690.2974083, 1751437690.5026522, 1751437690.586458, 1751437690.6694999, 1751437690.7562842, 1751437690.8377674, 1751437690.9213605, 1751437691.0079246, 1751437691.0911586, 1751437691.1795728]"
1727,232,1495,"[1751437691.537615, 1751437691.645745, 1751437691.6467152, 1751437691.8588464, 1751437691.953367, 1751437692.0275233, 1751437692.0985456, 1751437692.1768534, 1751437692.2487004, 1751437692.322059, 1751437692.3979816, 1751437692.4716783, 1751437692.5543993, 1751437692.7361174, 1751437692.8118436, 1751437692.8853712, 1751437692.963562, 1751437693.0409346, 1751437693.1148512, 1751437693.192776, 1751437693.269489, 1751437693.3487468, 1751437693.4266028, 1751437693.505316, 1751437693.5803344, 1751437693.6690414, 1751437693.748207, 1751437693.8283317, 1751437693.9089012]"
1367,192,1175,"[1751437694.248095, 1751437694.3403955, 1751437694.3411832, 1751437694.5282712, 1751437694.6058936, 1751437694.685475, 1751437694.7597818, 1751437694.9582448, 1751437695.0334795, 1751437695.1095529, 1751437695.1838872, 1751437695.2604508, 1751437695.3381681, 1751437695.4133918, 1751437695.4913862, 1751437695.5671585, 1751437695.6436925, 1751437695.7211206, 1751437695.7943668, 1751437695.8730614, 1751437695.9485238, 1751437696.024975, 1751437696.102329, 1751437696.1814048]"
1551,344,1207,"[1751437696.5158367, 1751437696.608682, 1751437696.6094468, 1751437696.806591, 1751437696.8823178, 1751437696.96158, 1751437697.1708195, 1751437697.2479496, 1751437697.3247087, 1751437697.3993843, 1751437697.5337012, 1751437697.6114075, 1751437697.6879451, 1751437697.7651098, 1751437697.8389373, 1751437697.913661, 1751437697.9904802, 1751437698.0679173, 1751437698.145823, 1751437698.2250051, 1751437698.3055294, 1751437698.3843436, 1751437698.465222, 1751437698.5468485, 1751437698.627188, 1751437698.7054949, 1751437698.783955, 1751437698.8647082, 1751437698.946748, 1751437699.026508, 1751437699.107799, 1751437699.1871688, 1751437699.267959, 1751437699.3541238, 1751437699.52724, 1751437699.6125135, 1751437699.694878, 1751437699.7770934, 1751437699.8622375, 1751437699.9452677, 1751437700.0256643, 1751437700.1046567, 1751437700.1849155]"
2375,800,1575,"[1751437700.5182672, 1751437700.6224124, 1751437700.623214, 1751437700.880594, 1751437700.9552314, 1751437701.0319204, 1751437701.106186, 1751437701.1846085, 1751437701.2644212, 1751437701.338238, 1751437701.4167132, 1751437701.4929485, 1751437701.5707588, 1751437701.755422, 1751437701.8323755, 1751437701.9107904, 1751437701.9906685, 1751437702.0695448, 1751437702.14648, 1751437702.2216725, 1751437702.2972922, 1751437702.374217, 1751437702.4529054, 1751437702.5318377, 1751437702.6076002, 1751437702.6862297, 1751437702.7642677, 1751437702.8409977, 1751437702.9179745, 1751437702.9974937, 1751437703.0780845, 1751437703.158227, 1751437703.238235, 1751437703.3169622, 1751437703.399839, 1751437703.481863, 1751437703.5617406, 1751437703.6437576, 1751437703.7233343, 1751437703.8051326, 1751437703.9863782, 1751437704.0640225, 1751437704.1461046, 1751437704.2275016, 1751437704.3074474, 1751437704.3896568, 1751437704.4692295, 1751437704.5496309, 1751437704.6303773, 1751437704.711236, 1751437704.7935765, 1751437704.8724382, 1751437704.9536903, 1751437705.0340073, 1751437705.115879, 1751437705.2009091, 1751437705.285551, 1751437705.366841, 1751437705.4469197, 1751437705.5284529, 1751437705.6088152, 1751437705.6895134, 1751437705.7697139, 1751437705.8509486, 1751437705.93212, 1751437706.0120971, 1751437706.2228687, 1751437706.3061266, 1751437706.3938324, 1751437706.4787908, 1751437706.5651827, 1751437706.647101, 1751437706.7277987, 1751437706.8109767, 1751437706.898203, 1751437706.9808328, 1751437707.0684035, 1751437707.1522748, 1751437707.2416842, 1751437707.3321376, 1751437707.421706, 1751437707.5065358, 1751437707.5929568, 1751437707.6792052, 1751437707.7642689, 1751437707.8519022, 1751437707.935881, 1751437708.0241122, 1751437708.1098218, 1751437708.196903, 1751437708.2931354, 1751437708.4560392, 1751437708.546001, 1751437708.6356332, 1751437708.8022046, 1751437708.8922772, 1751437708.9826062, 1751437709.0725248, 1751437709.1638176, 1751437709.253869]"
2863,920,1943,"[1751437709.6184075, 1751437709.7282355, 1751437709.729202, 1751437709.995187, 1751437710.0704176, 1751437710.1412058, 1751437710.2120538, 1751437710.2900534, 1751437710.3617938, 1751437710.433063, 1751437710.5106158, 1751437710.7226255, 1751437710.8000326, 1751437710.8779256, 1751437710.955076, 1751437711.029349, 1751437711.1061504, 1751437711.1813874, 1751437711.2576268, 1751437711.3358016, 1751437711.4100518, 1751437711.4892554, 1751437711.564931, 1751437711.641583, 1751437711.7198894, 1751437711.797819, 1751437711.8730006, 1751437711.9515338, 1751437712.0309076, 1751437712.1077647, 1751437712.1849904, 1751437712.2643614, 1751437712.3445363, 1751437712.4246237, 1751437712.505152, 1751437712.5878658, 1751437712.6679828, 1751437712.7478416, 1751437712.9537954, 1751437713.0396633, 1751437713.1212878, 1751437713.2018816, 1751437713.2832825, 1751437713.3609605, 1751437713.442734, 1751437713.524896, 1751437713.604748, 1751437713.6858034, 1751437713.7660823, 1751437713.8471262, 1751437713.9284034, 1751437714.0082097, 1751437714.0887368, 1751437714.169236, 1751437714.2499452, 1751437714.3322861, 1751437714.4122386, 1751437714.4919496, 1751437714.5726526, 1751437714.65573, 1751437714.7383056, 1751437714.8255532, 1751437714.9058344, 1751437714.9870465, 1751437715.0692391, 1751437715.2826734, 1751437715.3689775, 1751437715.4503152, 1751437715.5324953, 1751437715.6222386, 1751437715.7037745, 1751437715.79101, 1751437715.8742607, 1751437715.9573927, 1751437716.0454798, 1751437716.135872, 1751437716.2242396, 1751437716.3092933, 1751437716.3960106, 1751437716.4811633, 1751437716.5684202, 1751437716.6576104, 1751437716.7439485, 1751437716.8306632, 1751437716.9186647, 1751437717.0041718, 1751437717.0904067, 1751437717.1768525, 1751437717.2661796, 1751437717.3685234, 1751437717.526505, 1751437717.6156106, 1751437717.7048216, 1751437717.7957752, 1751437717.8837376, 1751437717.9732037, 1751437718.0643222, 1751437718.1553123, 1751437718.2449687, 1751437718.334598, 1751437718.424511, 1751437718.5163176, 1751437718.6094463, 1751437718.7042687, 1751437718.7957017, 1751437718.887133, 1751437718.9783075, 1751437719.0699337, 1751437719.1616182, 1751437719.2542856, 1751437719.3482568, 1751437719.440753, 1751437719.533141, 1751437719.6303947, 1751437719.8259742]"
1975,224,1751,"[1751437720.201558, 1751437720.3059878, 1751437720.3069603, 1751437720.5777273, 1751437720.6544435, 1751437720.727014, 1751437720.7989848, 1751437720.8721457, 1751437720.9492955, 1751437721.0216358, 1751437721.0989664, 1751437721.1724548, 1751437721.2510462, 1751437721.322977, 1751437721.3996027, 1751437721.4760406, 1751437721.5547569, 1751437721.6344087, 1751437721.7138975, 1751437721.7908754, 1751437721.8689654, 1751437722.0770133, 1751437722.1560063, 1751437722.235366, 1751437722.3096325, 1751437722.3884697, 1751437722.4682357, 1751437722.5491278]"
1407,464,943,"[1751437722.8896885, 1751437722.9761508, 1751437722.97698, 1751437723.1351614, 1751437723.2120745, 1751437723.285978, 1751437723.3605523, 1751437723.437263, 1751437723.5178058, 1751437723.5974584, 1751437723.6795187, 1751437723.7572708, 1751437723.83205, 1751437723.9102046, 1751437723.9884458, 1751437724.0617023, 1751437724.145364, 1751437724.3325343, 1751437724.4117794, 1751437724.4869077, 1751437724.5647476, 1751437724.6433485, 1751437724.7204926, 1751437724.7979093, 1751437724.87729, 1751437724.9571855, 1751437725.036034, 1751437725.110234, 1751437725.1886413, 1751437725.2677236, 1751437725.3480458, 1751437725.4284136, 1751437725.508762, 1751437725.5912607, 1751437725.6721523, 1751437725.7526934, 1751437725.8325105, 1751437725.9131515, 1751437725.9930952, 1751437726.0741713, 1751437726.15486, 1751437726.2354162, 1751437726.315468, 1751437726.4040525, 1751437726.5689049, 1751437726.64972, 1751437726.7296996, 1751437726.8100343, 1751437726.892278, 1751437726.9801574, 1751437727.0638475, 1751437727.1474059, 1751437727.2339487, 1751437727.31966, 1751437727.4045284, 1751437727.4854708, 1751437727.566157, 1751437727.6481366]"
1591,240,1351,"[1751437727.9904919, 1751437728.0831482, 1751437728.0839105, 1751437728.320742, 1751437728.393839, 1751437728.4711387, 1751437728.5458348, 1751437728.6288435, 1751437728.8259575, 1751437728.9059343, 1751437728.9844782, 1751437729.0588424, 1751437729.1373148, 1751437729.2104902, 1751437729.2874882, 1751437729.3629854, 1751437729.439894, 1751437729.5193467, 1751437729.5970058, 1751437729.6760821, 1751437729.7533934, 1751437729.8321414, 1751437729.9110951, 1751437729.9903634, 1751437730.065588, 1751437730.145152, 1751437730.2234342, 1751437730.3043687, 1751437730.3853612, 1751437730.465969]"
2287,192,2095,"[1751437730.8028743, 1751437730.8875892, 1751437730.8883667, 1751437731.2507956, 1751437731.324204, 1751437731.3954074, 1751437731.4664195, 1751437731.5441773, 1751437731.6170428, 1751437731.6961746, 1751437731.7697017, 1751437731.8477712, 1751437731.9196742, 1751437731.996746, 1751437732.0711284, 1751437732.1495826, 1751437732.2237449, 1751437732.3027656, 1751437732.3821826, 1751437732.4602547, 1751437732.5367942, 1751437732.6175764, 1751437732.695692, 1751437732.7750154]"
2887,416,2471,"[1751437733.1037922, 1751437733.1945095, 1751437733.19548, 1751437733.5626104, 1751437733.6361337, 1751437733.713095, 1751437733.7855723, 1751437733.864236, 1751437733.9357302, 1751437734.0088851, 1751437734.0849695, 1751437734.1590044, 1751437734.2368364, 1751437734.3089113, 1751437734.3870072, 1751437734.4616241, 1751437734.5398703, 1751437734.6146748, 1751437734.6912282, 1751437734.769661, 1751437734.844762, 1751437734.9248981, 1751437735.0044518, 1751437735.098278, 1751437735.1760395, 1751437735.2553926, 1751437735.3340533, 1751437735.4148805, 1751437735.49284, 1751437735.700292, 1751437735.7802224, 1751437735.859722, 1751437735.939588, 1751437736.020245, 1751437736.1002665, 1751437736.181771, 1751437736.2620928, 1751437736.3438876, 1751437736.424671, 1751437736.5053728, 1751437736.5861228, 1751437736.6664796, 1751437736.7463937, 1751437736.8275058, 1751437736.907787, 1751437736.9890823, 1751437737.06921, 1751437737.1504967, 1751437737.2322445, 1751437737.312605, 1751437737.4134262, 1751437737.4939399]"
1423,136,1287,"[1751437737.8208244, 1751437738.0173821, 1751437738.0183766, 1751437738.2467413, 1751437738.3216898, 1751437738.3998282, 1751437738.4750986, 1751437738.553851, 1751437738.631206, 1751437738.7070417, 1751437738.7822304, 1751437738.861135, 1751437738.9347734, 1751437739.0128667, 1751437739.0855117, 1751437739.1623192, 1751437739.236507]"
1199,424,775,"[1751437739.5628512, 1751437739.6441526, 1751437739.645532, 1751437739.8092773, 1751437739.882085, 1751437739.9608681, 1751437740.040467, 1751437740.2402585, 1751437740.3128774, 1751437740.385374, 1751437740.4629145, 1751437740.5433986, 1751437740.6171188, 1751437740.69455, 1751437740.7670398, 1751437740.842424, 1751437740.9189615, 1751437740.997407, 1751437741.0738993, 1751437741.1508143, 1751437741.2287176, 1751437741.3099577, 1751437741.3902318, 1751437741.4682431, 1751437741.5469232, 1751437741.6274877, 1751437741.7044241, 1751437741.7830281, 1751437741.863353, 1751437741.9446106, 1751437742.0264847, 1751437742.1067102, 1751437742.1869175, 1751437742.2681954, 1751437742.4691756, 1751437742.5508933, 1751437742.6310167, 1751437742.7111344, 1751437742.7916334, 1751437742.8719816, 1751437742.9541752, 1751437743.0352576, 1751437743.1151302, 1751437743.196349, 1751437743.2774742, 1751437743.3599176, 1751437743.4417, 1751437743.5287378, 1751437743.610491, 1751437743.6913884, 1751437743.7725208, 1751437743.8553493, 1751437743.9431772]"
2135,1072,1063,"[1751437744.276107, 1751437744.3667116, 1751437744.3673372, 1751437744.5693715, 1751437744.7343946, 1751437744.809483, 1751437744.880571, 1751437744.95993, 1751437745.039309, 1751437745.1158135, 1751437745.1935225, 1751437745.272085, 1751437745.3451722, 1751437745.4226804, 1751437745.497739, 1751437745.575326, 1751437745.6547987, 1751437745.7288902, 1751437745.8076653, 1751437745.886026, 1751437745.9593258, 1751437746.0372365, 1751437746.114042, 1751437746.1903644, 1751437746.2693295, 1751437746.3467696, 1751437746.4225101, 1751437746.5022116, 1751437746.5790823, 1751437746.6569111, 1751437746.735124, 1751437746.9718454, 1751437747.0548682, 1751437747.1358645, 1751437747.2185795, 1751437747.3135214, 1751437747.4099298, 1751437747.5035455, 1751437747.6017556, 1751437747.6925836, 1751437747.7836921, 1751437747.8742096, 1751437747.969253, 1751437748.0643392, 1751437748.1557014, 1751437748.249049, 1751437748.3463504, 1751437748.440054, 1751437748.5398097, 1751437748.6387177, 1751437748.734377, 1751437748.8313603, 1751437748.93024, 1751437749.0265536, 1751437749.2235422, 1751437749.3224752, 1751437749.417407, 1751437749.5156336, 1751437749.616349, 1751437749.7173862, 1751437749.8174894, 1751437749.9181745, 1751437750.0177107, 1751437750.119218, 1751437750.2205327, 1751437750.3208396, 1751437750.4214664, 1751437750.5223534, 1751437750.6227612, 1751437750.7245939, 1751437750.824701, 1751437750.925091, 1751437751.0260744, 1751437751.127989, 1751437751.2286007, 1751437751.451827, 1751437751.5546901, 1751437751.660405, 1751437751.7616243, 1751437751.8633435, 1751437751.9724245, 1751437752.0737062, 1751437752.1746716, 1751437752.2755728, 1751437752.3768952, 1751437752.4781642, 1751437752.5787313, 1751437752.6815388, 1751437752.788193, 1751437752.8898563, 1751437752.990634, 1751437753.091399, 1751437753.191864, 1751437753.29619, 1751437753.4030612, 1751437753.5104184, 1751437753.7022047, 1751437753.8075778, 1751437753.9159315, 1751437754.0185773, 1751437754.1198487, 1751437754.229245, 1751437754.339382, 1751437754.44696, 1751437754.5519216, 1751437754.660633, 1751437754.7675924, 1751437754.8778813, 1751437754.9889824, 1751437755.1003158, 1751437755.2107174, 1751437755.3210917, 1751437755.429579, 1751437755.5391812, 1751437755.6497312, 1751437755.7665796, 1751437755.9665225, 1751437756.077562, 1751437756.1876748, 1751437756.297194, 1751437756.409232, 1751437756.5206494, 1751437756.6356149, 1751437756.7475271, 1751437756.8581445, 1751437756.969211, 1751437757.080285, 1751437757.1915712, 1751437757.3030891, 1751437757.4147267, 1751437757.5340273, 1751437757.6490202, 1751437757.7657719, 1751437757.8768902]"
1439,320,1119,"[1751437758.390251, 1751437758.4996533, 1751437758.5007071, 1751437758.6972585, 1751437758.7833488, 1751437758.8664281, 1751437758.956379, 1751437759.0445378, 1751437759.13048, 1751437759.2161741, 1751437759.3049314, 1751437759.3957944, 1751437759.4865754, 1751437759.5718374, 1751437759.660016, 1751437759.750955, 1751437759.8407981, 1751437759.9307318, 1751437760.0201654, 1751437760.1112158, 1751437760.2016172, 1751437760.2926462, 1751437760.625005, 1751437760.7177777, 1751437760.809791, 1751437760.90388, 1751437760.9973235, 1751437761.0887, 1751437761.1805968, 1751437761.2707891, 1751437761.3614151, 1751437761.454259, 1751437761.5514405, 1751437761.6437259, 1751437761.735754, 1751437761.831624, 1751437761.9247534, 1751437762.016024, 1751437762.1065357, 1751437762.1975083]"
1767,552,1215,"[1751437762.5469627, 1751437762.6536498, 1751437762.654856, 1751437762.9632006, 1751437763.052106, 1751437763.1427991, 1751437763.2278085, 1751437763.3154712, 1751437763.4037116, 1751437763.489739, 1751437763.5797606, 1751437763.66832, 1751437763.7578554, 1751437763.8475468, 1751437763.9374537, 1751437764.0273643, 1751437764.1170614, 1751437764.2019475, 1751437764.2905304, 1751437764.380269, 1751437764.4708936, 1751437764.5627415, 1751437764.6537676, 1751437764.744899, 1751437764.8240547, 1751437764.9031577, 1751437765.1121585, 1751437765.194654, 1751437765.27289, 1751437765.3565574, 1751437765.4376302, 1751437765.5176983, 1751437765.5971136, 1751437765.67736, 1751437765.7590008, 1751437765.8416371, 1751437765.9221606, 1751437766.0024502, 1751437766.083805, 1751437766.1646018, 1751437766.2513187, 1751437766.3351762, 1751437766.416275, 1751437766.4961524, 1751437766.577609, 1751437766.6583743, 1751437766.7376943, 1751437766.8179412, 1751437766.898828, 1751437766.9790561, 1751437767.0607014, 1751437767.1405237, 1751437767.3517382, 1751437767.435102, 1751437767.5189836, 1751437767.604389, 1751437767.685361, 1751437767.767721, 1751437767.8543313, 1751437767.9370496, 1751437768.0171566, 1751437768.0977223, 1751437768.1781912, 1751437768.2592154, 1751437768.340099, 1751437768.420889, 1751437768.5028975, 1751437768.591851, 1751437768.6741946]"
2663,192,2471,"[1751437769.0202258, 1751437769.1050038, 1751437769.1058397, 1751437769.6289895, 1751437769.7019742, 1751437769.7800913, 1751437769.8514519, 1751437769.929827, 1751437770.0038002, 1751437770.0817223, 1751437770.1575568, 1751437770.2332368, 1751437770.3070977, 1751437770.3845124, 1751437770.4586565, 1751437770.5348926, 1751437770.6080134, 1751437770.6866581, 1751437770.7643301, 1751437770.840809, 1751437770.9181793, 1751437770.997395, 1751437771.0737798, 1751437771.1501625]"
2287,376,1911,"[1751437771.4846897, 1751437771.5854924, 1751437771.5863078, 1751437771.9399412, 1751437772.0165749, 1751437772.0881958, 1751437772.1610506, 1751437772.23758, 1751437772.309056, 1751437772.380589, 1751437772.451104, 1751437772.5241728, 1751437772.6013975, 1751437772.6765249, 1751437772.7514548, 1751437772.8261967, 1751437772.9043834, 1751437772.9826028, 1751437773.0561786, 1751437773.1346903, 1751437773.2097788, 1751437773.2864323, 1751437773.3626668, 1751437773.4380608, 1751437773.5172143, 1751437773.5984979, 1751437773.675714, 1751437773.7544847, 1751437773.83288, 1751437773.9123304, 1751437774.1194131, 1751437774.2021918, 1751437774.2828302, 1751437774.3637025, 1751437774.4454746, 1751437774.5263155, 1751437774.60603, 1751437774.6861877, 1751437774.7676895, 1751437774.8493822, 1751437774.9301524, 1751437775.0101867, 1751437775.0901275, 1751437775.171604, 1751437775.251588, 1751437775.332896, 1751437775.421964]"
1559,448,1111,"[1751437775.7620025, 1751437775.8619742, 1751437775.8629549, 1751437776.0593536, 1751437776.132129, 1751437776.210118, 1751437776.2904394, 1751437776.6179998, 1751437776.6946402, 1751437776.769738, 1751437776.846823, 1751437776.9262693, 1751437777.00574, 1751437777.0850468, 1751437777.1608558, 1751437777.2400892, 1751437777.3192184, 1751437777.3984125, 1751437777.4776175, 1751437777.5589285, 1751437777.6390543, 1751437777.7261975, 1751437777.803163, 1751437777.8826048, 1751437777.961394, 1751437778.0413988, 1751437778.1175458, 1751437778.1950116, 1751437778.279295, 1751437778.3583117, 1751437778.4369793, 1751437778.5307767, 1751437778.611536, 1751437778.6971068, 1751437778.859918, 1751437778.940755, 1751437779.019716, 1751437779.1005445, 1751437779.1800814, 1751437779.261026, 1751437779.3423047, 1751437779.422667, 1751437779.5030837, 1751437779.5837247, 1751437779.664268, 1751437779.7433734, 1751437779.8241205, 1751437779.9064608, 1751437779.9870777, 1751437780.0676515, 1751437780.1496258, 1751437780.2299824, 1751437780.3096895, 1751437780.3913105, 1751437780.471421, 1751437780.5520303]"
1111,248,863,"[1751437780.8854802, 1751437781.0933964, 1751437781.0945563, 1751437781.1752694, 1751437781.2479086, 1751437781.3188336, 1751437781.3954923, 1751437781.4702997, 1751437781.5527027, 1751437781.6323144, 1751437781.7105076, 1751437781.7829647, 1751437781.8607087, 1751437781.9426932, 1751437782.0200646, 1751437782.0962873, 1751437782.175423, 1751437782.254662, 1751437782.3328025, 1751437782.4111822, 1751437782.4903255, 1751437782.570712, 1751437782.6490874, 1751437782.7284932, 1751437782.8082204, 1751437782.8886888, 1751437782.9688318, 1751437783.0491583, 1751437783.1297016, 1751437783.3318784, 1751437783.4126294]"
1351,264,1087,"[1751437783.757812, 1751437783.8478968, 1751437783.8487325, 1751437784.042124, 1751437784.1183867, 1751437784.1920118, 1751437784.269706, 1751437784.3485103, 1751437784.420454, 1751437784.4919052, 1751437784.56851, 1751437784.6422052, 1751437784.7200096, 1751437784.793597, 1751437784.8721325, 1751437784.9512763, 1751437785.0260324, 1751437785.1040509, 1751437785.178964, 1751437785.2562964, 1751437785.3345609, 1751437785.4564207, 1751437785.572111, 1751437785.6507118, 1751437785.7298265, 1751437785.8106706, 1751437785.890283, 1751437785.9714675, 1751437786.0514488, 1751437786.1318095, 1751437786.2120476, 1751437786.2931535, 1751437786.3737562]"
