total_saved,gc_saved,trie_atten_saved,time_took
1719,169,1550,"[1751542997.5075111, 1751542998.054878, 1751542998.09269, 1751542998.2568314, 1751542998.351244, 1751542998.4456315, 1751542998.5364783, 1751542998.6273172, 1751542998.7185755, 1751542998.8104224, 1751542998.90054, 1751542999.0864518, 1751542999.173294, 1751542999.2643359, 1751542999.3546076, 1751542999.4445739, 1751542999.535397, 1751542999.6264424, 1751542999.7166514, 1751542999.8093104, 1751542999.8993802, 1751542999.9904563, 1751543000.0806699, 1751543000.1709325, 1751543000.2652664, 1751543000.3611255, 1751543000.4550014, 1751543000.5459585, 1751543000.6364696, 1751543000.728691, 1751543000.8187928, 1751543000.910754, 1751543001.0010836, 1751543001.0929492, 1751543001.1829355, 1751543001.273837, 1751543001.365584, 1751543001.4588623, 1751543001.5538766, 1751543001.6488843, 1751543001.7426627, 1751543001.8384717, 1751543001.9335396, 1751543002.0290666, 1751543002.124553, 1751543002.2211452, 1751543002.31702, 1751543002.4115224, 1751543002.507074, 1751543002.6066027, 1751543002.7079165, 1751543002.8085365, 1751543002.90928, 1751543003.0096395, 1751543003.1071203, 1751543003.203861, 1751543003.30577, 1751543003.4059987, 1751543003.5049736]"
1471,89,1382,"[1751543003.89962, 1751543004.0122836, 1751543004.0134869, 1751543004.2268856, 1751543004.3167386, 1751543004.4094677, 1751543004.4997807, 1751543004.5894594, 1751543004.6766849, 1751543004.760821, 1751543004.851726, 1751543004.9433837, 1751543005.0347846, 1751543005.1264596, 1751543005.2164593, 1751543005.3059657, 1751543005.398756, 1751543005.4895978, 1751543005.5806198, 1751543005.6714354, 1751543005.7625992, 1751543005.8543859, 1751543005.9438577, 1751543006.0355358, 1751543006.1265962, 1751543006.2172816, 1751543006.307762, 1751543006.3980684, 1751543006.4884095, 1751543006.579726, 1751543006.668952, 1751543006.7599974, 1751543006.852158, 1751543006.94378, 1751543007.0343094, 1751543007.1326694, 1751543007.230671]"
999,59,940,"[1751543007.587154, 1751543007.6840827, 1751543007.6852925, 1751543007.8628721, 1751543007.9528964, 1751543008.0442507, 1751543008.133516, 1751543008.2251823]"
1607,214,1393,"[1751543008.6071594, 1751543008.720178, 1751543008.721385, 1751543008.9151523, 1751543009.0038664, 1751543009.0947697, 1751543009.1852975, 1751543009.2768636, 1751543009.367402, 1751543009.4588563, 1751543009.547813, 1751543009.639986, 1751543009.7302299, 1751543009.8175817, 1751543009.9022021, 1751543009.989096, 1751543010.0835915, 1751543010.1763945, 1751543010.267865, 1751543010.3636382, 1751543010.4508538, 1751543010.5422912, 1751543010.6314614, 1751543010.7229443, 1751543010.8147562, 1751543010.903431, 1751543010.992534, 1751543011.0815773, 1751543011.1751504, 1751543011.2692132, 1751543011.3606143, 1751543011.4558475, 1751543011.550443, 1751543011.6430285, 1751543011.7336, 1751543011.8261156, 1751543011.916277, 1751543012.0065095, 1751543012.0994442, 1751543012.1944616, 1751543012.2897792, 1751543012.3834004, 1751543012.4780946, 1751543012.5744977, 1751543012.669937, 1751543012.7641768, 1751543012.8602314, 1751543012.9531329, 1751543013.0482728, 1751543013.1445723]"
1567,237,1330,"[1751543013.5286033, 1751543013.6415951, 1751543013.6427999, 1751543013.8410907, 1751543013.9310465, 1751543014.0246017, 1751543014.1137397, 1751543014.2027614, 1751543014.2954097, 1751543014.3877254, 1751543014.4788518, 1751543014.570303, 1751543014.6612782, 1751543014.7524347, 1751543014.8427353, 1751543014.933711, 1751543015.0244496, 1751543015.114541, 1751543015.2067156, 1751543015.2971268, 1751543015.3868601, 1751543015.477711, 1751543015.5701373, 1751543015.6657875, 1751543015.7650976, 1751543015.854142, 1751543015.9444597, 1751543016.0354893, 1751543016.1251366, 1751543016.2176547, 1751543016.3072245, 1751543016.3983822, 1751543016.4900718, 1751543016.5857074, 1751543016.678467, 1751543016.7729566, 1751543016.8668478, 1751543016.9614325, 1751543017.0558085, 1751543017.1473243, 1751543017.242278, 1751543017.337413, 1751543017.4304945, 1751543017.5275078, 1751543017.6273794, 1751543017.7248533, 1751543017.8199894]"
1471,223,1248,"[1751543018.2006686, 1751543018.2956321, 1751543018.2972584, 1751543018.4560301, 1751543018.5446832, 1751543018.6314518, 1751543018.7222588, 1751543018.8146245, 1751543018.9062028, 1751543018.997856, 1751543019.087428, 1751543019.179835, 1751543019.2703798, 1751543019.3621066, 1751543019.4522789, 1751543019.5442934, 1751543019.6346648, 1751543019.7254071, 1751543019.8160844, 1751543019.9062383, 1751543019.9974003, 1751543020.0891018, 1751543020.178304, 1751543020.2711604, 1751543020.3623843, 1751543020.4534175, 1751543020.5430903, 1751543020.6345434, 1751543020.7445612, 1751543020.8363879, 1751543020.9265318, 1751543021.0182216, 1751543021.1092017, 1751543021.1998715, 1751543021.290788, 1751543021.381848, 1751543021.4738517, 1751543021.56539, 1751543021.658153, 1751543021.753629, 1751543021.8472378, 1751543021.9414868, 1751543022.0362883, 1751543022.1369627, 1751543022.2319322, 1751543022.327238, 1751543022.4224274, 1751543022.520664, 1751543022.6163397, 1751543022.715041, 1751543022.8127055, 1751543022.9092765, 1751543023.006468, 1751543023.1001077, 1751543023.196372, 1751543023.2947457, 1751543023.3927295, 1751543023.4935076, 1751543023.5957038, 1751543023.695995]"
1919,482,1437,"[1751543024.0791206, 1751543024.1890962, 1751543024.1897242, 1751543024.385319, 1751543024.4750109, 1751543024.567499, 1751543024.6587927, 1751543024.7487411, 1751543024.8404288, 1751543024.9293177, 1751543025.0185862, 1751543025.1119523, 1751543025.2040305, 1751543025.2952306, 1751543025.3849134, 1751543025.4771872, 1751543025.5682325, 1751543025.6565397, 1751543025.7492125, 1751543025.8420615, 1751543025.9334629, 1751543026.0251138, 1751543026.1152062, 1751543026.2062976, 1751543026.2948093, 1751543026.3863964, 1751543026.4793754, 1751543026.5697618, 1751543026.6608121, 1751543026.7517996, 1751543026.8428223, 1751543026.9334514, 1751543027.0245154, 1751543027.116247, 1751543027.2144976, 1751543027.307632, 1751543027.4034464, 1751543027.4993656, 1751543027.5989642, 1751543027.6940594, 1751543027.787641, 1751543027.882652, 1751543027.97382, 1751543028.0654907, 1751543028.160665, 1751543028.2561958, 1751543028.3498013, 1751543028.4457283, 1751543028.542257, 1751543028.6391418, 1751543028.7384038, 1751543028.8342915, 1751543028.9318874, 1751543029.0335846, 1751543029.1334271, 1751543029.2305274, 1751543029.327326, 1751543029.4274032, 1751543029.528395, 1751543029.628551, 1751543029.730098, 1751543029.8301084, 1751543029.931574, 1751543030.033232, 1751543030.134464, 1751543030.2370222, 1751543030.3484251, 1751543030.447433, 1751543030.5492647, 1751543030.6504936, 1751543030.7525878, 1751543030.8520236, 1751543030.9543648, 1751543031.055818, 1751543031.1564162, 1751543031.2559383, 1751543031.3583078, 1751543031.4616997, 1751543031.5622, 1751543031.6634138, 1751543031.7650132, 1751543031.8675754, 1751543031.9662883, 1751543032.0700188, 1751543032.17077, 1751543032.2730355, 1751543032.376264, 1751543032.4812298, 1751543032.5862613, 1751543032.6906254, 1751543032.795204, 1751543032.8965864, 1751543032.9999256, 1751543033.1046379, 1751543033.2069926, 1751543033.3095572]"
1303,161,1142,"[1751543033.6994681, 1751543033.8030643, 1751543033.8042638, 1751543033.9551861, 1751543034.0442605, 1751543034.1360278, 1751543034.2249715, 1751543034.3194087, 1751543034.4108849, 1751543034.501481, 1751543034.5926738, 1751543034.683469, 1751543034.7746835, 1751543034.8641636, 1751543034.9543107, 1751543035.0451336, 1751543035.1370862, 1751543035.2275827, 1751543035.3181841, 1751543035.4087217, 1751543035.5003932, 1751543035.5921276, 1751543035.6813707, 1751543035.7731183, 1751543035.8634312, 1751543035.9545474, 1751543036.046563, 1751543036.1396651, 1751543036.2343986, 1751543036.3278224, 1751543036.4186528, 1751543036.5109866, 1751543036.6026785, 1751543036.6949925, 1751543036.790605, 1751543036.8838875, 1751543036.9826238, 1751543037.0761905]"
1559,209,1350,"[1751543037.458089, 1751543037.5703087, 1751543037.5713372, 1751543037.7639647, 1751543037.8518085, 1751543037.9421577, 1751543038.03355, 1751543038.1244051, 1751543038.214467, 1751543038.3065114, 1751543038.3955112, 1751543038.48534, 1751543038.5770028, 1751543038.6692169, 1751543038.7603776, 1751543038.851847, 1751543038.9432747, 1751543039.0337222, 1751543039.1237226, 1751543039.214704, 1751543039.306088, 1751543039.3988504, 1751543039.4889038, 1751543039.5799737, 1751543039.6701784, 1751543039.7638555, 1751543039.854651, 1751543039.9458709, 1751543040.040933, 1751543040.1346312, 1751543040.226301, 1751543040.319616, 1751543040.4146318, 1751543040.5085204, 1751543040.6003966, 1751543040.6885586, 1751543040.78108, 1751543040.87517, 1751543040.9697165, 1751543041.0659354, 1751543041.1627939, 1751543041.2590282, 1751543041.354035, 1751543041.464624, 1751543041.5580442, 1751543041.6526914, 1751543041.7471886, 1751543041.8448915, 1751543041.9407818, 1751543042.0405328, 1751543042.137536, 1751543042.2352123, 1751543042.333465]"
1375,122,1253,"[1751543042.7244732, 1751543042.839224, 1751543042.8404293, 1751543043.0420516, 1751543043.131862, 1751543043.223773, 1751543043.3133564, 1751543043.4058619, 1751543043.494911, 1751543043.5859404, 1751543043.6775527, 1751543043.7679024, 1751543043.8589396, 1751543043.9505038, 1751543044.038957, 1751543044.1287432, 1751543044.2208853, 1751543044.3123918, 1751543044.405341, 1751543044.4960687, 1751543044.5859776, 1751543044.677862, 1751543044.7689924, 1751543044.8607852, 1751543044.950596, 1751543045.0415657, 1751543045.13262, 1751543045.2236118, 1751543045.3144252, 1751543045.4064806, 1751543045.4991152, 1751543045.59346, 1751543045.696252, 1751543045.7911732, 1751543045.8870285, 1751543045.9872768, 1751543046.0826318, 1751543046.1727195, 1751543046.2660658, 1751543046.3628979]"
2879,399,2480,"[1751543046.7285106, 1751543046.8462868, 1751543046.8474884, 1751543047.0800564, 1751543047.1715338, 1751543047.2605991, 1751543047.351034, 1751543047.4403808, 1751543047.5329056, 1751543047.6260793, 1751543047.7167485, 1751543047.808053, 1751543047.9000185, 1751543047.9910154, 1751543048.0819807, 1751543048.1732094, 1751543048.2643073, 1751543048.3552918, 1751543048.4452605, 1751543048.5358999, 1751543048.626813, 1751543048.7181487, 1751543048.8080046, 1751543048.9006374, 1751543048.9909017, 1751543049.0807617, 1751543049.173312, 1751543049.2627966, 1751543049.3517826, 1751543049.4447591, 1751543049.5357583, 1751543049.6314511, 1751543049.7251766, 1751543049.8192053, 1751543049.9107711, 1751543050.0001757, 1751543050.0949895, 1751543050.1912587, 1751543050.2910552, 1751543050.3862216, 1751543050.4811573, 1751543050.576749, 1751543050.671764, 1751543050.768144, 1751543050.863067, 1751543050.9604056, 1751543051.0609956, 1751543051.159127, 1751543051.255511, 1751543051.354767, 1751543051.4553785, 1751543051.549209, 1751543051.642243, 1751543051.7398095, 1751543051.8386676, 1751543051.9546337, 1751543052.052866, 1751543052.1488197, 1751543052.2453558, 1751543052.344859, 1751543052.4460797, 1751543052.5476391, 1751543052.6477141, 1751543052.74972, 1751543052.850271, 1751543052.9513247, 1751543053.0533578, 1751543053.1538386, 1751543053.2559967, 1751543053.3564851, 1751543053.4576547, 1751543053.5593998, 1751543053.6598768, 1751543053.7614264, 1751543053.861491, 1751543053.9629722, 1751543054.0616515, 1751543054.1626868, 1751543054.2642317, 1751543054.3655925, 1751543054.4665406, 1751543054.570483, 1751543054.6699169, 1751543054.7714765, 1751543054.8721814, 1751543054.9731724, 1751543055.0745006, 1751543055.1727326, 1751543055.2726858, 1751543055.3764708, 1751543055.4948769, 1751543055.6000135, 1751543055.700235, 1751543055.8017774, 1751543055.9028296, 1751543056.0034583, 1751543056.113225, 1751543056.2178783, 1751543056.3248148, 1751543056.4289818, 1751543056.5352924, 1751543056.6408617, 1751543056.7488084, 1751543056.8543792, 1751543056.9599297, 1751543057.0672364, 1751543057.1737177, 1751543057.282187, 1751543057.3894813, 1751543057.4957483, 1751543057.6048129, 1751543057.7094777, 1751543057.8134246, 1751543057.9182189, 1751543058.0287864, 1751543058.1394684, 1751543058.2521262, 1751543058.3629642, 1751543058.4740627, 1751543058.5844047, 1751543058.6945426, 1751543058.8046756, 1751543058.9085104, 1751543059.0150895, 1751543059.1219676, 1751543059.2320118, 1751543059.344139, 1751543059.453893, 1751543059.566455, 1751543059.6768162, 1751543059.786144, 1751543059.8999755, 1751543060.010234, 1751543060.1213844, 1751543060.2324288, 1751543060.3529332, 1751543060.4660408, 1751543060.5759392, 1751543060.6866307, 1751543060.7976604, 1751543060.9092233, 1751543061.0209012, 1751543061.1269844, 1751543061.2412963, 1751543061.3524709, 1751543061.4651072, 1751543061.575174, 1751543061.6835384, 1751543061.7965462, 1751543061.9061558, 1751543062.0203276, 1751543062.1324835, 1751543062.2446194, 1751543062.3601513, 1751543062.4741383, 1751543062.585558, 1751543062.698566, 1751543062.812097, 1751543062.927585, 1751543063.038813, 1751543063.1497648, 1751543063.2652025, 1751543063.3802273, 1751543063.4992228, 1751543063.614735, 1751543063.7306345, 1751543063.8470464, 1751543063.964832, 1751543064.0864398, 1751543064.207637, 1751543064.3281615, 1751543064.4471312, 1751543064.563525, 1751543064.6842453, 1751543064.8035378, 1751543064.924961, 1751543065.0473013, 1751543065.1676679, 1751543065.2873745, 1751543065.405999, 1751543065.5195756, 1751543065.642382, 1751543065.7631328, 1751543065.8841393, 1751543066.004075, 1751543066.1256227]"
1231,193,1038,"[1751543066.5479975, 1751543066.6398969, 1751543066.641087, 1751543066.8146636, 1751543066.905072, 1751543066.9965863, 1751543067.087203, 1751543067.1783547, 1751543067.2726066, 1751543067.3630202, 1751543067.4522252, 1751543067.5430057, 1751543067.6346083, 1751543067.7246025, 1751543067.8169649, 1751543067.9069872, 1751543067.9972935, 1751543068.0873842, 1751543068.177286, 1751543068.2665598, 1751543068.3600318, 1751543068.452541, 1751543068.541766, 1751543068.6350453, 1751543068.7264497, 1751543068.8178759, 1751543068.911925, 1751543069.0018585, 1751543069.0921776, 1751543069.1892755, 1751543069.2835753, 1751543069.3737776, 1751543069.4623346, 1751543069.5562668, 1751543069.6480143, 1751543069.7414362, 1751543069.838028, 1751543069.9317076, 1751543070.0265465, 1751543070.121204, 1751543070.2131808, 1751543070.3074017, 1751543070.4027505, 1751543070.4995174, 1751543070.5954547, 1751543070.692857]"
1367,85,1282,"[1751543071.0959253, 1751543071.2010913, 1751543071.2022922, 1751543071.3966393, 1751543071.48183, 1751543071.5671635, 1751543071.658891, 1751543071.7505229, 1751543071.8397684, 1751543071.9314852, 1751543072.0212429, 1751543072.1121426, 1751543072.2041006, 1751543072.295873, 1751543072.386552, 1751543072.47818, 1751543072.5747218, 1751543072.6616688, 1751543072.7522469, 1751543072.8424587, 1751543072.9873986, 1751543073.0770607, 1751543073.1657507, 1751543073.2568657, 1751543073.348182, 1751543073.4389627, 1751543073.5292444, 1751543073.621069, 1751543073.710666, 1751543073.8023381, 1751543073.894442, 1751543073.9830096, 1751543074.0765686, 1751543074.1738904, 1751543074.267772, 1751543074.359345, 1751543074.4538512]"
1103,134,969,"[1751543074.8241687, 1751543074.9187965, 1751543074.9199896, 1751543075.0866158, 1751543075.1760678, 1751543075.2690616, 1751543075.358633, 1751543075.4481258, 1751543075.5391877, 1751543075.6315615, 1751543075.7298942, 1751543075.8262022, 1751543075.9154336, 1751543076.0060265, 1751543076.096985, 1751543076.1872008, 1751543076.2783687, 1751543076.3698418, 1751543076.4595213, 1751543076.551426, 1751543076.6436877, 1751543076.7324522, 1751543076.8230057, 1751543076.914457, 1751543077.0050707, 1751543077.0962353, 1751543077.1864905, 1751543077.2770462, 1751543077.3679335, 1751543077.4591641, 1751543077.5510118, 1751543077.6424413, 1751543077.7335072, 1751543077.8280072, 1751543077.920386, 1751543078.0173793]"
999,118,881,"[1751543078.3908134, 1751543078.487671, 1751543078.4896388, 1751543078.629482, 1751543078.7209125, 1751543078.8128538, 1751543078.90319, 1751543078.9936879, 1751543079.0836563, 1751543079.1772537, 1751543079.2685008, 1751543079.361101, 1751543079.4525433, 1751543079.5426562, 1751543079.632548, 1751543079.7244108, 1751543079.815524, 1751543079.9062223, 1751543079.9970431, 1751543080.0877523, 1751543080.1781986, 1751543080.270239, 1751543080.3607264, 1751543080.4515662, 1751543080.5424182, 1751543080.63353, 1751543080.7257848, 1751543080.8193147, 1751543080.913467, 1751543081.0078387, 1751543081.0982163, 1751543081.1931112, 1751543081.2866359, 1751543081.3791955]"
999,80,919,"[1751543081.751519, 1751543081.8411994, 1751543081.8431146, 1751543082.0186698, 1751543082.106538, 1751543082.197168, 1751543082.2888422, 1751543082.3812113, 1751543082.4713957, 1751543082.5626793, 1751543082.6525962, 1751543082.743724, 1751543082.8356986, 1751543082.925395, 1751543083.018764, 1751543083.110531, 1751543083.2004602, 1751543083.2910118, 1751543083.3830647, 1751543083.4732413, 1751543083.5644991, 1751543083.655396, 1751543083.7479496, 1751543083.839312, 1751543083.9289083]"
983,43,940,"[1751543084.299264, 1751543084.3896928, 1751543084.3908372, 1751543084.5649424, 1751543084.6552472, 1751543084.747027, 1751543084.837107, 1751543084.9292002, 1751543085.018055, 1751543085.1056852, 1751543085.1928842, 1751543085.2857635, 1751543085.3749897, 1751543085.465987, 1751543085.5571458, 1751543085.6484845, 1751543085.7393847, 1751543085.8306115, 1751543085.9214725, 1751543086.0128772, 1751543086.106332]"
2039,288,1751,"[1751543086.4911304, 1751543086.6158528, 1751543086.617066, 1751543086.88138, 1751543086.9742408, 1751543087.062413, 1751543087.1522453, 1751543087.2437623, 1751543087.3356166, 1751543087.4262533, 1751543087.5143244, 1751543087.60736, 1751543087.6974702, 1751543087.7885442, 1751543087.8781657, 1751543087.970491, 1751543088.0635984, 1751543088.1540983, 1751543088.2451408, 1751543088.3365452, 1751543088.426761, 1751543088.519287, 1751543088.6088972, 1751543088.6991854, 1751543088.79029, 1751543088.8802783, 1751543088.9707024, 1751543089.0641496, 1751543089.1581624, 1751543089.2486653, 1751543089.3402946, 1751543089.4359279, 1751543089.529343, 1751543089.6209195, 1751543089.7139516, 1751543089.8047175, 1751543089.901627, 1751543089.9957821, 1751543090.0899496, 1751543090.1855829, 1751543090.2880723, 1751543090.388897, 1751543090.4880626, 1751543090.5894344, 1751543090.685957, 1751543090.781366, 1751543090.881206, 1751543090.9794805, 1751543091.0761077, 1751543091.1709087, 1751543091.267331, 1751543091.363419, 1751543091.4591794, 1751543091.5587673, 1751543091.6599293, 1751543091.7634578]"
1175,192,983,"[1751543092.1501262, 1751543092.2543373, 1751543092.2555203, 1751543092.4077916, 1751543092.499905, 1751543092.5925658, 1751543092.6826668, 1751543092.7743046, 1751543092.865592, 1751543092.956336, 1751543093.046126, 1751543093.138019, 1751543093.2298954, 1751543093.3213532, 1751543093.4120474, 1751543093.5012136, 1751543093.5938003, 1751543093.6855931, 1751543093.7760735, 1751543093.8668785, 1751543093.9574697, 1751543094.0495465, 1751543094.1378365, 1751543094.229774, 1751543094.3191683, 1751543094.4120922, 1751543094.502822]"
1975,256,1719,"[1751543094.8707626, 1751543094.9769328, 1751543094.9781184, 1751543095.1837084, 1751543095.2710297, 1751543095.3618145, 1751543095.4531686, 1751543095.5458584, 1751543095.6351902, 1751543095.726857, 1751543095.8162162, 1751543095.9085486, 1751543096.0005505, 1751543096.0916104, 1751543096.1820037, 1751543096.27266, 1751543096.364456, 1751543096.455238, 1751543096.5460396, 1751543096.637458, 1751543096.72697, 1751543096.8197532, 1751543096.9101143, 1751543097.0003612, 1751543097.090237, 1751543097.1790414, 1751543097.2728798, 1751543097.3654275, 1751543097.456053, 1751543097.5473204, 1751543097.6412175, 1751543097.7322507, 1751543097.8227878, 1751543097.9113321, 1751543098.0021524, 1751543098.094054, 1751543098.1848292, 1751543098.27488, 1751543098.3649933, 1751543098.4549832, 1751543098.549497, 1751543098.642818, 1751543098.739133, 1751543098.8336184, 1751543098.9298565, 1751543099.0301287, 1751543099.1256304, 1751543099.2239287, 1751543099.3202596, 1751543099.4156616, 1751543099.5132856, 1751543099.609282, 1751543099.7084897, 1751543099.8079875, 1751543099.9042122, 1751543100.0046027, 1751543100.103334, 1751543100.2038221, 1751543100.306285, 1751543100.406758, 1751543100.5098479, 1751543100.6082633, 1751543100.7094157, 1751543100.8085334, 1751543100.9073353, 1751543101.0060155, 1751543101.1055777, 1751543101.2061539, 1751543101.306953, 1751543101.4060445, 1751543101.5103564, 1751543101.6115193, 1751543101.7129805, 1751543101.8135092, 1751543101.914301, 1751543102.017867, 1751543102.1188006, 1751543102.219595, 1751543102.3208146, 1751543102.424672, 1751543102.528207, 1751543102.6252599, 1751543102.726257, 1751543102.8263407, 1751543102.9282873, 1751543103.0289776, 1751543103.1303825, 1751543103.231919, 1751543103.3319128, 1751543103.4347174, 1751543103.5412242, 1751543103.6452973, 1751543103.7480054, 1751543103.8493204, 1751543103.952107, 1751543104.0528932, 1751543104.1541853, 1751543104.254482, 1751543104.3576155, 1751543104.4646165, 1751543104.5684052, 1751543104.6732998, 1751543104.7784684, 1751543104.8838038, 1751543104.9904773, 1751543105.1019397, 1751543105.2122319, 1751543105.316985, 1751543105.4243655, 1751543105.532517]"
2367,368,1999,"[1751543105.9461358, 1751543106.0661814, 1751543106.0667825, 1751543106.3357863, 1751543106.4279368, 1751543106.5184062, 1751543106.6086364, 1751543106.7005653, 1751543106.7910767, 1751543106.8826394, 1751543106.9715142, 1751543107.0633883, 1751543107.1562757, 1751543107.2474153, 1751543107.339336, 1751543107.4303775, 1751543107.521931, 1751543107.6123846, 1751543107.7032862, 1751543107.7939525, 1751543107.8852694, 1751543107.9777758, 1751543108.0667896, 1751543108.1588738, 1751543108.249162, 1751543108.3406782, 1751543108.4317052, 1751543108.5228145, 1751543108.6131291, 1751543108.7049801, 1751543108.7950244, 1751543108.8875687, 1751543108.9869716, 1751543109.079454, 1751543109.170223, 1751543109.2608829, 1751543109.3540277, 1751543109.446803, 1751543109.5421035, 1751543109.6361785, 1751543109.7265859, 1751543109.8209772, 1751543109.9162977, 1751543110.0107338, 1751543110.109576, 1751543110.2217724, 1751543110.3181028, 1751543110.4138913, 1751543110.5121214, 1751543110.608956, 1751543110.7052145, 1751543110.8023987, 1751543110.8965287, 1751543110.9952223, 1751543111.090633, 1751543111.1908085, 1751543111.2904599, 1751543111.3857248, 1751543111.482881, 1751543111.582512, 1751543111.6782725, 1751543111.7803793, 1751543111.8801506, 1751543111.9809716, 1751543112.0819938, 1751543112.184126, 1751543112.2861443, 1751543112.386237, 1751543112.4886563, 1751543112.5909975, 1751543112.6924286, 1751543112.7942836, 1751543112.8951337, 1751543112.996469, 1751543113.0986402, 1751543113.1976259, 1751543113.299986, 1751543113.39924, 1751543113.5009778, 1751543113.6027792, 1751543113.702218, 1751543113.8062773, 1751543113.9069018, 1751543114.0070186, 1751543114.1267393, 1751543114.2293425, 1751543114.3323655, 1751543114.430731, 1751543114.533206, 1751543114.6355963, 1751543114.7363062, 1751543114.83792, 1751543114.938559, 1751543115.0397177, 1751543115.1452243, 1751543115.2500224, 1751543115.3578002, 1751543115.4624565]"
1583,158,1425,"[1751543115.8753567, 1751543115.9850032, 1751543115.9861553, 1751543116.1857102, 1751543116.273394, 1751543116.363197, 1751543116.4510155, 1751543116.5397198, 1751543116.6225677, 1751543116.717243, 1751543116.8073914, 1751543116.8991404, 1751543116.991817, 1751543117.0831153, 1751543117.1729672, 1751543117.2636817, 1751543117.3539894, 1751543117.4430964, 1751543117.5347605, 1751543117.6275268, 1751543117.7198555, 1751543117.8124592, 1751543117.902801, 1751543117.9944458, 1751543118.0858526, 1751543118.1788938, 1751543118.2682033, 1751543118.3601174, 1751543118.4505029, 1751543118.5421746, 1751543118.6326969, 1751543118.726442, 1751543118.818275, 1751543118.9132063, 1751543119.0063975, 1751543119.0983143, 1751543119.1884289, 1751543119.2773278, 1751543119.371209, 1751543119.462885, 1751543119.5552602, 1751543119.650681, 1751543119.7462742]"
1271,136,1135,"[1751543120.1068165, 1751543120.1978781, 1751543120.1994565, 1751543120.3671985, 1751543120.4516513, 1751543120.5379, 1751543120.6205628, 1751543120.7074754, 1751543120.7985926, 1751543120.8891938, 1751543120.9798107, 1751543121.074242, 1751543121.1610222, 1751543121.2533286, 1751543121.3458025, 1751543121.436148, 1751543121.5281005, 1751543121.6174862, 1751543121.708672, 1751543121.7992404, 1751543121.889314, 1751543121.981235, 1751543122.0699728, 1751543122.1635485, 1751543122.2555144, 1751543122.346727, 1751543122.4379442, 1751543122.529663, 1751543122.6177707, 1751543122.7075672, 1751543122.8005667, 1751543122.894954, 1751543122.9851983, 1751543123.0768168, 1751543123.1671453, 1751543123.2566047]"
639,40,599,"[1751543123.6504776, 1751543123.7390652, 1751543123.7402647, 1751543123.8842208, 1751543123.9745913]"
975,152,823,"[1751543124.3564498, 1751543124.4526293, 1751543124.455364, 1751543124.5938559, 1751543124.682543, 1751543124.7688563, 1751543124.8563814, 1751543124.9491708, 1751543125.0399792, 1751543125.1320248, 1751543125.2219088, 1751543125.3131542, 1751543125.4035847, 1751543125.4954314, 1751543125.5892131, 1751543125.6756763, 1751543125.7668586, 1751543125.856785, 1751543125.9496133, 1751543126.0416336, 1751543126.132452, 1751543126.2240272, 1751543126.3147492, 1751543126.4063783, 1751543126.4972188, 1751543126.5887783, 1751543126.6792026, 1751543126.770619, 1751543126.861547, 1751543126.953534, 1751543127.0447598, 1751543127.1371973, 1751543127.2330358, 1751543127.327656, 1751543127.420979, 1751543127.5184534, 1751543127.616926, 1751543127.7118516]"
1783,355,1428,"[1751543128.0944505, 1751543128.203621, 1751543128.2048278, 1751543128.3917384, 1751543128.4819736, 1751543128.5706625, 1751543128.6607535, 1751543128.7496152, 1751543128.8404636, 1751543128.9340436, 1751543129.0236588, 1751543129.114439, 1751543129.2059686, 1751543129.2964783, 1751543129.3883333, 1751543129.4806073, 1751543129.5712457, 1751543129.6616642, 1751543129.7525687, 1751543129.8437612, 1751543129.9347322, 1751543130.0262032, 1751543130.1165335, 1751543130.2067678, 1751543130.3012764, 1751543130.3930748, 1751543130.4859412, 1751543130.5773916, 1751543130.6701257, 1751543130.7593532, 1751543130.8501163, 1751543130.9455738, 1751543131.035668, 1751543131.127306, 1751543131.218021, 1751543131.3093278, 1751543131.4018023, 1751543131.4924405, 1751543131.5843003, 1751543131.6783261, 1751543131.7681768, 1751543131.859886, 1751543131.9539742, 1751543132.0490339, 1751543132.1471474, 1751543132.2508864, 1751543132.3500066, 1751543132.4486601, 1751543132.543863, 1751543132.642923, 1751543132.7417681, 1751543132.839796, 1751543132.936293, 1751543133.0379603, 1751543133.1396344, 1751543133.240853, 1751543133.3421338, 1751543133.4429948, 1751543133.544127, 1751543133.6465883, 1751543133.7456365, 1751543133.848789, 1751543133.9496124, 1751543134.0502799, 1751543134.1510196]"
1199,188,1011,"[1751543134.5277948, 1751543134.621974, 1751543134.6231737, 1751543134.789911, 1751543134.879251, 1751543134.9707334, 1751543135.0569446, 1751543135.144238, 1751543135.2327158, 1751543135.3261125, 1751543135.4188623, 1751543135.5074027, 1751543135.5983384, 1751543135.7016711, 1751543135.792934, 1751543135.882515, 1751543135.9722059, 1751543136.0635712, 1751543136.152385, 1751543136.243882, 1751543136.33643, 1751543136.429357, 1751543136.5187528, 1751543136.6108344, 1751543136.701804, 1751543136.7935035, 1751543136.8828578, 1751543136.9744334, 1751543137.0658746, 1751543137.1574874, 1751543137.247572, 1751543137.3401487, 1751543137.4335065, 1751543137.523233]"
783,119,664,"[1751543137.9152858, 1751543138.0057578, 1751543138.00788, 1751543138.149763, 1751543138.2383456, 1751543138.326284, 1751543138.4127276, 1751543138.5024853, 1751543138.5923564, 1751543138.6847494, 1751543138.7750695, 1751543138.8673136, 1751543138.9572136, 1751543139.0540023, 1751543139.1409388, 1751543139.2333043, 1751543139.3209324, 1751543139.4130657]"
895,132,763,"[1751543139.8004434, 1751543139.891875, 1751543139.8931577, 1751543140.0442557, 1751543140.1311877, 1751543140.2226224, 1751543140.3112867, 1751543140.4045563, 1751543140.495276, 1751543140.5874999, 1751543140.6773958, 1751543140.770363, 1751543140.86653, 1751543140.955655, 1751543141.0427604, 1751543141.1335905, 1751543141.2248037, 1751543141.3163211, 1751543141.406225, 1751543141.4978254, 1751543141.5879562, 1751543141.6803322, 1751543141.769973]"
1247,116,1131,"[1751543142.163916, 1751543142.2608752, 1751543142.2620537, 1751543142.438896, 1751543142.5266318, 1751543142.618992, 1751543142.706, 1751543142.799203, 1751543142.892105, 1751543142.9840446, 1751543143.0731585, 1751543143.1646004, 1751543143.2559843, 1751543143.3468797, 1751543143.4349835, 1751543143.527166, 1751543143.6208773, 1751543143.7124152, 1751543143.803162, 1751543143.8946526, 1751543143.9851787, 1751543144.0771768, 1751543144.1668215, 1751543144.256674, 1751543144.3495963, 1751543144.4429364, 1751543144.5329344, 1751543144.6242082, 1751543144.7145946, 1751543144.8063102, 1751543144.8977394, 1751543144.9884105, 1751543145.0790107, 1751543145.176942, 1751543145.2718134, 1751543145.383399, 1751543145.478411]"
1327,136,1191,"[1751543145.83312, 1751543145.9373515, 1751543145.938539, 1751543146.144421, 1751543146.2309914, 1751543146.3233068, 1751543146.4135098, 1751543146.5037847, 1751543146.5871067, 1751543146.6725175, 1751543146.7592673, 1751543146.8493676, 1751543146.9400554, 1751543147.031382, 1751543147.122206, 1751543147.2133243, 1751543147.3044844, 1751543147.395417, 1751543147.4858258, 1751543147.5784879, 1751543147.6693304]"
1399,183,1216,"[1751543148.0591617, 1751543148.172833, 1751543148.1740022, 1751543148.3798423, 1751543148.4666207, 1751543148.5575948, 1751543148.6470635, 1751543148.7380953, 1751543148.830977, 1751543148.92276, 1751543149.0133142, 1751543149.1035218, 1751543149.1955965, 1751543149.2847664, 1751543149.3743262, 1751543149.4675028, 1751543149.5599923, 1751543149.6512358, 1751543149.741714, 1751543149.833303, 1751543149.9228234, 1751543150.0166845, 1751543150.1054018, 1751543150.1974416, 1751543150.2983792, 1751543150.3920488, 1751543150.4849565, 1751543150.5784526, 1751543150.6725883, 1751543150.7647948, 1751543150.8544056, 1751543150.9478264, 1751543151.039001, 1751543151.1278038, 1751543151.219097, 1751543151.308052, 1751543151.4023626, 1751543151.4942935, 1751543151.5891159, 1751543151.6843328, 1751543151.7766151, 1751543151.8741863, 1751543151.9678416, 1751543152.0598683]"
4887,126,4761,"[1751543152.4441478, 1751543152.5428023, 1751543152.543728, 1751543152.921214, 1751543153.008512, 1751543153.0997686, 1751543153.1890023, 1751543153.2814457, 1751543153.3725169, 1751543153.464657, 1751543153.55493, 1751543153.6472547, 1751543153.7383635, 1751543153.8285728, 1751543153.9195757, 1751543154.0104437, 1751543154.1014872, 1751543154.1923842, 1751543154.2825131, 1751543154.3710806, 1751543154.462288, 1751543154.5582943, 1751543154.6477747, 1751543154.7387142, 1751543154.829619, 1751543154.9209738, 1751543155.013113, 1751543155.1013765, 1751543155.19078, 1751543155.2796328, 1751543155.373479, 1751543155.4675517, 1751543155.5573215, 1751543155.6483533, 1751543155.754379, 1751543155.8486307, 1751543155.9414277, 1751543156.0320916, 1751543156.1257818, 1751543156.2216046, 1751543156.3157053, 1751543156.4141967, 1751543156.508862, 1751543156.6057212, 1751543156.7046974, 1751543156.8007832, 1751543156.8954992, 1751543156.9915285, 1751543157.0868075, 1751543157.1822267, 1751543157.2793891, 1751543157.37504, 1751543157.4746752, 1751543157.571813, 1751543157.6687214, 1751543157.7688901, 1751543157.8700197, 1751543157.9700549, 1751543158.070862, 1751543158.1713145, 1751543158.2737515, 1751543158.3744051, 1751543158.4754207, 1751543158.5770211, 1751543158.6775439, 1751543158.7791324, 1751543158.8776283, 1751543158.9770179, 1751543159.0721135, 1751543159.1737936, 1751543159.2763152, 1751543159.378786, 1751543159.4783075, 1751543159.5804863, 1751543159.6814268, 1751543159.7833853, 1751543159.8844182, 1751543159.9847882, 1751543160.086957, 1751543160.1878073, 1751543160.2888412, 1751543160.3895528, 1751543160.490549, 1751543160.5907726, 1751543160.6919856, 1751543160.794237, 1751543160.8982046, 1751543160.9983842, 1751543161.0956984, 1751543161.1970255, 1751543161.299174, 1751543161.4000351, 1751543161.500196, 1751543161.6067653, 1751543161.7117457, 1751543161.8160324, 1751543161.9204376, 1751543162.0265298, 1751543162.129147, 1751543162.2354753, 1751543162.3412108, 1751543162.4497528, 1751543162.556091, 1751543162.662426, 1751543162.7717981, 1751543162.8791866, 1751543162.9812963, 1751543163.085134, 1751543163.1901963, 1751543163.2977674, 1751543163.4034204, 1751543163.510664, 1751543163.6211963, 1751543163.7331333, 1751543163.8451343, 1751543163.9557092, 1751543164.068563, 1751543164.1762016, 1751543164.287285, 1751543164.4018342, 1751543164.5128467, 1751543164.624396, 1751543164.7353537, 1751543164.8469403, 1751543164.958133, 1751543165.0682502, 1751543165.1807857, 1751543165.286299, 1751543165.3941565, 1751543165.505974, 1751543165.6162992, 1751543165.73585, 1751543165.8480296, 1751543165.958577, 1751543166.077109, 1751543166.1829803, 1751543166.2927806, 1751543166.40635, 1751543166.5166843, 1751543166.6276634, 1751543166.737927, 1751543166.8500266, 1751543166.9610384, 1751543167.0731142, 1751543167.1835005, 1751543167.2943826, 1751543167.415618, 1751543167.5263338, 1751543167.6389196, 1751543167.748772, 1751543167.8600678, 1751543167.9694607, 1751543168.0838165, 1751543168.1972575, 1751543168.308303, 1751543168.4197798, 1751543168.5314777, 1751543168.6416633, 1751543168.7515283, 1751543168.860665, 1751543168.9821172, 1751543169.1033626, 1751543169.218125, 1751543169.3358524, 1751543169.4519663, 1751543169.568379, 1751543169.6888988, 1751543169.805497, 1751543169.922618, 1751543170.0427756, 1751543170.1632268, 1751543170.28551, 1751543170.4024024, 1751543170.5207922, 1751543170.6404278, 1751543170.759935, 1751543170.8819907, 1751543171.003138, 1751543171.1254838, 1751543171.2461426, 1751543171.3675046, 1751543171.4870005, 1751543171.6118734, 1751543171.7331502, 1751543171.852824, 1751543171.9738634, 1751543172.0957243, 1751543172.2114258, 1751543172.330286, 1751543172.4496512, 1751543172.5710557, 1751543172.6929626, 1751543172.8138645, 1751543172.936405, 1751543173.0559788, 1751543173.1763308, 1751543173.2986581, 1751543173.420559, 1751543173.5425198, 1751543173.6730847, 1751543173.7957594, 1751543173.9173555, 1751543174.0385244, 1751543174.1608033, 1751543174.2811408, 1751543174.4026737, 1751543174.528457, 1751543174.6541762, 1751543174.777333, 1751543174.8990166, 1751543175.0192559, 1751543175.1420252, 1751543175.2664387, 1751543175.3925128, 1751543175.5179074, 1751543175.643561, 1751543175.7677758, 1751543175.8918147, 1751543176.0138783, 1751543176.1382148, 1751543176.2630396, 1751543176.3926873, 1751543176.5288467, 1751543176.6551166, 1751543176.7788935, 1751543176.904519, 1751543177.0304601, 1751543177.1652455, 1751543177.2935147, 1751543177.4203959, 1751543177.5471017, 1751543177.674939, 1751543177.8029528, 1751543177.9284363, 1751543178.0538316, 1751543178.1837738, 1751543178.316715, 1751543178.447561, 1751543178.578152, 1751543178.7102196, 1751543178.8423073, 1751543178.9751823, 1751543179.1083448, 1751543179.2379646, 1751543179.368805, 1751543179.5012429, 1751543179.6338437, 1751543179.7633314, 1751543179.8945544, 1751543180.037737, 1751543180.166801, 1751543180.3115408, 1751543180.4429781, 1751543180.5733013, 1751543180.70456, 1751543180.834369, 1751543180.9662418, 1751543181.098545, 1751543181.2274947, 1751543181.3610728, 1751543181.4928963, 1751543181.6267414, 1751543181.7565012, 1751543181.8964627, 1751543182.0311086, 1751543182.1625702, 1751543182.3141723, 1751543182.444211, 1751543182.5774972, 1751543182.7092283, 1751543182.8391025, 1751543182.9712098, 1751543183.105238, 1751543183.2371244, 1751543183.372686, 1751543183.5079129, 1751543183.6415703, 1751543183.779883, 1751543183.9128277, 1751543184.0510387, 1751543184.1886008, 1751543184.3297858, 1751543184.4654026, 1751543184.6043065, 1751543184.740409, 1751543184.8826818, 1751543185.0222375, 1751543185.15932, 1751543185.2965913, 1751543185.4366534, 1751543185.573873, 1751543185.7110267, 1751543185.8532395, 1751543185.9938262, 1751543186.1348176, 1751543186.2759736, 1751543186.4210699, 1751543186.5596857, 1751543186.7024338, 1751543186.841151, 1751543186.9771125, 1751543187.1159163, 1751543187.2581925, 1751543187.4009304, 1751543187.5417395, 1751543187.6830215, 1751543187.822112, 1751543187.9652672, 1751543188.1090686, 1751543188.2496798, 1751543188.3911695, 1751543188.5410047, 1751543188.683802, 1751543188.8271365, 1751543188.9682977, 1751543189.1102328, 1751543189.2516289, 1751543189.3926837, 1751543189.5305474, 1751543189.6738737]"
1839,102,1737,"[1751543190.1195836, 1751543190.2406037, 1751543190.241804, 1751543190.4733021, 1751543190.563829, 1751543190.6498928, 1751543190.7354891, 1751543190.826203, 1751543190.9174218, 1751543191.0090823, 1751543191.1002865, 1751543191.1903374, 1751543191.2821136, 1751543191.3741248, 1751543191.4651642, 1751543191.556736, 1751543191.648322, 1751543191.738342, 1751543191.829726, 1751543191.920942, 1751543192.0115345, 1751543192.103368, 1751543192.1936991, 1751543192.2851038, 1751543192.3748527, 1751543192.4661381, 1751543192.5578542, 1751543192.6491432, 1751543192.7392838, 1751543192.8306942, 1751543192.9233334, 1751543193.0140302, 1751543193.102277, 1751543193.1946273, 1751543193.285759, 1751543193.3771434, 1751543193.4695847, 1751543193.560488, 1751543193.6508493, 1751543193.7423172, 1751543193.834508, 1751543193.929, 1751543194.0245135, 1751543194.120923, 1751543194.2161593, 1751543194.316946, 1751543194.4129322, 1751543194.5112805]"
935,96,839,"[1751543194.89382, 1751543194.9846, 1751543194.9856088, 1751543195.1485312, 1751543195.2380493, 1751543195.3282185, 1751543195.4186647, 1751543195.5110474, 1751543195.602358, 1751543195.7003355, 1751543195.7965095, 1751543195.8868258]"
959,48,911,"[1751543196.266437, 1751543196.3606122, 1751543196.3618276, 1751543196.5231738, 1751543196.6166823, 1751543196.7063773]"
1231,176,1055,"[1751543197.070833, 1751543197.161235, 1751543197.1621525, 1751543197.3249583, 1751543197.414876, 1751543197.5066686, 1751543197.5972278, 1751543197.6882806, 1751543197.7802145, 1751543197.8730211, 1751543197.9612617, 1751543198.0527554, 1751543198.144398, 1751543198.2290897, 1751543198.3166158, 1751543198.407808, 1751543198.4969175, 1751543198.588078, 1751543198.6786609, 1751543198.7689123, 1751543198.8605747, 1751543198.9533842, 1751543199.0430844, 1751543199.13486, 1751543199.225225, 1751543199.3187284, 1751543199.4115136, 1751543199.5018656, 1751543199.587021, 1751543199.6805475, 1751543199.7720554, 1751543199.8646076, 1751543199.959711, 1751543200.0549142, 1751543200.1462195, 1751543200.2387445, 1751543200.331842, 1751543200.4275053, 1751543200.5225165, 1751543200.6196592, 1751543200.7144191, 1751543200.8128047, 1751543200.9105744]"
1559,204,1355,"[1751543201.2926419, 1751543201.401031, 1751543201.4022217, 1751543201.5938926, 1751543201.684009, 1751543201.775189, 1751543201.8647652, 1751543201.9573445, 1751543202.045728, 1751543202.1392355, 1751543202.2308137, 1751543202.322438, 1751543202.415043, 1751543202.5044317, 1751543202.5948675, 1751543202.6853862, 1751543202.7769442, 1751543202.8687963, 1751543202.959194, 1751543203.0498097, 1751543203.140901, 1751543203.2335203, 1751543203.323093, 1751543203.4151738, 1751543203.5059385, 1751543203.5971625, 1751543203.688464, 1751543203.7814817, 1751543203.8720698, 1751543203.9630983, 1751543204.0537088, 1751543204.1450589, 1751543204.2341049, 1751543204.3240197, 1751543204.416586, 1751543204.5101774, 1751543204.6074638, 1751543204.7011936, 1751543204.7950726, 1751543204.8908637]"
2567,393,2174,"[1751543205.2631872, 1751543205.3840494, 1751543205.3853142, 1751543205.5974941, 1751543205.6909723, 1751543205.782155, 1751543205.8726597, 1751543205.9651406, 1751543206.055347, 1751543206.1460104, 1751543206.2368476, 1751543206.3289335, 1751543206.4207263, 1751543206.5121706, 1751543206.6025972, 1751543206.6946778, 1751543206.7858589, 1751543206.8766315, 1751543206.9672592, 1751543207.0574267, 1751543207.1488872, 1751543207.2390766, 1751543207.3293068, 1751543207.421143, 1751543207.5120015, 1751543207.603143, 1751543207.6944363, 1751543207.7852325, 1751543207.877276, 1751543207.9679098, 1751543208.06, 1751543208.1512911, 1751543208.242276, 1751543208.3335783, 1751543208.424112, 1751543208.5266137, 1751543208.61802, 1751543208.7165506, 1751543208.8111799, 1751543208.9040387, 1751543208.9998271, 1751543209.0970454, 1751543209.1930637, 1751543209.29245, 1751543209.3893685, 1751543209.4855583, 1751543209.5810642, 1751543209.6789434, 1751543209.7778711, 1751543209.87612, 1751543209.972102, 1751543210.0709376, 1751543210.170244, 1751543210.270963, 1751543210.3714879, 1751543210.4687042, 1751543210.5691874, 1751543210.669783, 1751543210.7708788, 1751543210.8709893, 1751543210.970201, 1751543211.0650864, 1751543211.1620946, 1751543211.2598193, 1751543211.3595192, 1751543211.4618344, 1751543211.5608406, 1751543211.6602995, 1751543211.75722, 1751543211.8576949, 1751543211.9596589, 1751543212.0620112, 1751543212.1616845, 1751543212.264405, 1751543212.3646324, 1751543212.4668345, 1751543212.5669026, 1751543212.6678996, 1751543212.7694845, 1751543212.870195, 1751543212.9710968, 1751543213.0788434, 1751543213.1823184, 1751543213.282456, 1751543213.3859134, 1751543213.4881885, 1751543213.5885317, 1751543213.6897607, 1751543213.7909105, 1751543213.8904264, 1751543213.9908328, 1751543214.0929139, 1751543214.195071, 1751543214.296751, 1751543214.4005148, 1751543214.5072474, 1751543214.6093004, 1751543214.7192023, 1751543214.8242478, 1751543214.9302313, 1751543215.037543, 1751543215.1426017, 1751543215.2499948, 1751543215.3557184, 1751543215.4658015, 1751543215.5770352, 1751543215.6849277, 1751543215.7919273, 1751543215.9002995, 1751543216.008007, 1751543216.1145597, 1751543216.22088, 1751543216.3287227, 1751543216.4377615, 1751543216.549228, 1751543216.661279, 1751543216.7711198, 1751543216.881381, 1751543216.9910247, 1751543217.0977435, 1751543217.2079973, 1751543217.3173916, 1751543217.4289198, 1751543217.5402322, 1751543217.6512566, 1751543217.764288, 1751543217.8757455, 1751543217.9856324, 1751543218.0980237, 1751543218.209366, 1751543218.3216002]"
1975,580,1395,"[1751543218.7717237, 1751543218.8806827, 1751543218.881535, 1751543219.0756714, 1751543219.1648147, 1751543219.2523322, 1751543219.3422503, 1751543219.4364111, 1751543219.525461, 1751543219.6169608, 1751543219.7065072, 1751543219.7988882, 1751543219.8899665, 1751543219.9810398, 1751543220.0725453, 1751543220.1618235, 1751543220.2520857, 1751543220.3445618, 1751543220.4355948, 1751543220.527123, 1751543220.6173172, 1751543220.7108488, 1751543220.8004808, 1751543220.8912113, 1751543220.9823306, 1751543221.0740542, 1751543221.1653347, 1751543221.2562237, 1751543221.34703, 1751543221.438475, 1751543221.529306, 1751543221.6211798, 1751543221.7108133, 1751543221.8028438, 1751543221.8946772, 1751543221.9872317, 1751543222.0837965, 1751543222.1774287, 1751543222.2728028, 1751543222.3673728, 1751543222.4580274, 1751543222.5515642, 1751543222.640731, 1751543222.7352245, 1751543222.8304064, 1751543222.9270146, 1751543223.023096, 1751543223.120467, 1751543223.2132382, 1751543223.3090265, 1751543223.4058526, 1751543223.5083206, 1751543223.6060483, 1751543223.702304, 1751543223.801403, 1751543223.9024405, 1751543224.0049446, 1751543224.105924, 1751543224.206181, 1751543224.308593, 1751543224.4084466, 1751543224.5106847, 1751543224.6090567, 1751543224.7125397, 1751543224.8143046, 1751543224.91575, 1751543225.017827, 1751543225.1172931, 1751543225.2188222, 1751543225.3202698, 1751543225.4219022, 1751543225.524851, 1751543225.6239798, 1751543225.7373853, 1751543225.837739, 1751543225.938999, 1751543226.0409553, 1751543226.1391761, 1751543226.2412171, 1751543226.3441353, 1751543226.446072, 1751543226.5490706, 1751543226.6481156, 1751543226.749754, 1751543226.8513684, 1751543226.9526284, 1751543227.0541048, 1751543227.1544359, 1751543227.2562265, 1751543227.3577344, 1751543227.4601638, 1751543227.5655906, 1751543227.6690233, 1751543227.7699044, 1751543227.8709164, 1751543227.9720058, 1751543228.0750506, 1751543228.1771274, 1751543228.2837627, 1751543228.3952646, 1751543228.4961662, 1751543228.6004362, 1751543228.7051606, 1751543228.8112109, 1751543228.9171867, 1751543229.0243268, 1751543229.1314886, 1751543229.2374794, 1751543229.343428, 1751543229.4509904, 1751543229.562203, 1751543229.6740484, 1751543229.7841902, 1751543229.8948019, 1751543230.0066314, 1751543230.1146038, 1751543230.2182436, 1751543230.3241127]"
2063,328,1735,"[1751543230.725155, 1751543230.8519373, 1751543230.85291, 1751543231.066402, 1751543231.151059, 1751543231.2405982, 1751543231.3330264, 1751543231.4242275, 1751543231.514586, 1751543231.6061954, 1751543231.6969585, 1751543231.7880106, 1751543231.8791628, 1751543231.970512, 1751543232.0610986, 1751543232.1533165, 1751543232.2440295, 1751543232.3364522, 1751543232.4254816, 1751543232.5174549, 1751543232.6080222, 1751543232.7030964, 1751543232.7937293, 1751543232.8843617, 1751543232.973179, 1751543233.063636, 1751543233.1547732, 1751543233.246047, 1751543233.3350832, 1751543233.4271538, 1751543233.5166647, 1751543233.6075256, 1751543233.6976142, 1751543233.7923331, 1751543233.883189, 1751543233.9754205, 1751543234.0749083, 1751543234.1681285, 1751543234.259011, 1751543234.3526554, 1751543234.4488049, 1751543234.54438, 1751543234.6407223, 1751543234.734786, 1751543234.8281217, 1751543234.921958, 1751543235.0128136, 1751543235.1081872, 1751543235.209069, 1751543235.309863, 1751543235.4086392, 1751543235.512477, 1751543235.6125915, 1751543235.7134292, 1751543235.8091822, 1751543235.9084663, 1751543236.008967, 1751543236.1095095, 1751543236.2121258, 1751543236.3139148, 1751543236.4143424, 1751543236.5165558, 1751543236.6158438, 1751543236.7202816, 1751543236.819351, 1751543236.9202924, 1751543237.0229201]"
1567,104,1463,"[1751543237.4088328, 1751543237.5387084, 1751543237.5398533, 1751543237.7745984, 1751543237.8634062, 1751543237.9537992, 1751543238.0440302, 1751543238.1362658, 1751543238.2259235, 1751543238.314499, 1751543238.4008148, 1751543238.490681, 1751543238.5823827]"
1279,106,1173,"[1751543238.9710295, 1751543239.080608, 1751543239.0818279, 1751543239.282756, 1751543239.3723304, 1751543239.4629943, 1751543239.554602, 1751543239.6457942, 1751543239.7359164, 1751543239.8272693, 1751543239.917945, 1751543240.0108151, 1751543240.100829, 1751543240.1917264, 1751543240.2886019, 1751543240.3835154, 1751543240.473313, 1751543240.565757, 1751543240.6570408, 1751543240.74785]"
1743,135,1608,"[1751543241.1377168, 1751543241.268767, 1751543241.2699401, 1751543241.4752223, 1751543241.5658443, 1751543241.6574364, 1751543241.7478182, 1751543241.8392684, 1751543241.9313338, 1751543242.0225332, 1751543242.111944, 1751543242.2033052, 1751543242.2944186, 1751543242.3870053, 1751543242.4784222, 1751543242.5694468, 1751543242.661074, 1751543242.7512038, 1751543242.8420186, 1751543242.9329808, 1751543243.0242345, 1751543243.1148667, 1751543243.2063372, 1751543243.2997193, 1751543243.3877716, 1751543243.4796643, 1751543243.568598, 1751543243.6601527, 1751543243.750798]"
1327,182,1145,"[1751543244.1299014, 1751543244.2244992, 1751543244.225696, 1751543244.3700912, 1751543244.4590905, 1751543244.5513675, 1751543244.6379375, 1751543244.7269073, 1751543244.8208113, 1751543244.914362, 1751543245.005195, 1751543245.0977328, 1751543245.1887846, 1751543245.2790956, 1751543245.3691092, 1751543245.4601789, 1751543245.54978, 1751543245.6410751, 1751543245.7320673, 1751543245.8240252, 1751543245.9139876, 1751543246.0068617, 1751543246.0966356, 1751543246.1883228, 1751543246.2801797, 1751543246.3701327, 1751543246.4629352, 1751543246.5535202, 1751543246.6444309, 1751543246.739058, 1751543246.8337266, 1751543246.9281635, 1751543247.0182493, 1751543247.109837, 1751543247.2027543, 1751543247.2957573, 1751543247.3933146, 1751543247.4865685, 1751543247.581672, 1751543247.6750226, 1751543247.7647982, 1751543247.8580592, 1751543247.953458]"
759,63,696,"[1751543248.352293, 1751543248.4409058, 1751543248.4418447, 1751543248.5801663, 1751543248.66677, 1751543248.75709, 1751543248.8486688, 1751543248.9402363, 1751543249.030963, 1751543249.1214643, 1751543249.2127297, 1751543249.3014998, 1751543249.394104, 1751543249.4868517, 1751543249.5769606, 1751543249.6681812, 1751543249.7598133]"
2175,233,1942,"[1751543250.1357164, 1751543250.257848, 1751543250.2588148, 1751543250.507484, 1751543250.5973368, 1751543250.6880765, 1751543250.778437, 1751543250.867093, 1751543250.954652, 1751543251.0439591, 1751543251.1331134, 1751543251.224133, 1751543251.3152432, 1751543251.406389, 1751543251.4977539, 1751543251.5872703, 1751543251.675167, 1751543251.7598894, 1751543251.8508453, 1751543251.942837, 1751543252.0334575, 1751543252.12673, 1751543252.2173417, 1751543252.3118327, 1751543252.406244, 1751543252.5005646, 1751543252.5915325, 1751543252.682683, 1751543252.7730927, 1751543252.8644366, 1751543252.9545307, 1751543253.0467992, 1751543253.136044, 1751543253.2270758, 1751543253.3169034, 1751543253.407933, 1751543253.4995666, 1751543253.5901642, 1751543253.681902, 1751543253.7797039, 1751543253.8728595, 1751543253.9656136, 1751543254.0565782, 1751543254.1535587, 1751543254.2493322, 1751543254.3468306, 1751543254.443852, 1751543254.5396, 1751543254.6392162, 1751543254.735883, 1751543254.8320916, 1751543254.9334111, 1751543255.0351765, 1751543255.133209, 1751543255.2358363, 1751543255.3322933, 1751543255.4283566, 1751543255.529424, 1751543255.6303742, 1751543255.7425575, 1751543255.8436012, 1751543255.9454532, 1751543256.044067, 1751543256.1394398, 1751543256.233949, 1751543256.3308864, 1751543256.431312, 1751543256.5312014, 1751543256.6317422]"
991,96,895,"[1751543257.0322218, 1751543257.1242473, 1751543257.1254544, 1751543257.2893865, 1751543257.380761, 1751543257.4721968, 1751543257.56304, 1751543257.6535664, 1751543257.745947, 1751543257.8361506, 1751543257.926699, 1751543258.0159507, 1751543258.1069937, 1751543258.1976123, 1751543258.285921, 1751543258.3798428, 1751543258.4723148]"
895,68,827,"[1751543258.830307, 1751543258.9231455, 1751543258.9243443, 1751543259.0967715, 1751543259.1883428, 1751543259.2804832, 1751543259.3728375, 1751543259.4615705, 1751543259.553468]"
1271,74,1197,"[1751543259.9342418, 1751543260.064448, 1751543260.0652099, 1751543260.232329, 1751543260.323251, 1751543260.4158943, 1751543260.5058417, 1751543260.596946, 1751543260.6859927, 1751543260.7773426, 1751543260.867424, 1751543260.9558916, 1751543261.041924, 1751543261.132958, 1751543261.2242956, 1751543261.3153224, 1751543261.406765, 1751543261.4974735, 1751543261.5877926, 1751543261.678702, 1751543261.769374, 1751543261.8615928]"
1303,197,1106,"[1751543262.2375634, 1751543262.3320084, 1751543262.3330553, 1751543262.4779654, 1751543262.5666966, 1751543262.6584544, 1751543262.7486832, 1751543262.8404288, 1751543262.9327168, 1751543263.0245695, 1751543263.1143892, 1751543263.2065356, 1751543263.2973204, 1751543263.3882666, 1751543263.479144, 1751543263.5707226, 1751543263.6616788, 1751543263.7527397, 1751543263.842228, 1751543263.9341428, 1751543264.024683, 1751543264.116847, 1751543264.2080145, 1751543264.299165, 1751543264.3911157, 1751543264.4828188, 1751543264.5727441, 1751543264.6619844, 1751543264.753935, 1751543264.8455431, 1751543264.9396834, 1751543265.0349116, 1751543265.128733, 1751543265.2198687, 1751543265.3097835, 1751543265.4023373, 1751543265.4993298, 1751543265.5937974, 1751543265.6868987, 1751543265.782869, 1751543265.8771358]"
1463,138,1325,"[1751543266.2799723, 1751543266.4030135, 1751543266.4044943, 1751543266.5773604, 1751543266.663267, 1751543266.7565184, 1751543266.8458865, 1751543266.9361985, 1751543267.0272598, 1751543267.119221, 1751543267.209929, 1751543267.2987254, 1751543267.3913329, 1751543267.4837248, 1751543267.5752587, 1751543267.6658473, 1751543267.7578397, 1751543267.84654, 1751543267.9482176, 1751543268.0408645, 1751543268.1322556, 1751543268.2237296, 1751543268.3142807, 1751543268.4057884, 1751543268.4963279, 1751543268.5886917, 1751543268.6775017, 1751543268.7692833, 1751543268.8631024]"
1047,114,933,"[1751543269.2266905, 1751543269.3194156, 1751543269.3206408, 1751543269.4847023, 1751543269.5752633, 1751543269.6664639, 1751543269.7559845, 1751543269.847692, 1751543269.9570663, 1751543270.0536256, 1751543270.1432083, 1751543270.2344632, 1751543270.3363583, 1751543270.4255128, 1751543270.517257, 1751543270.6088054, 1751543270.7006757, 1751543270.7916224, 1751543270.8828273, 1751543270.973314]"
727,48,679,"[1751543271.363995, 1751543271.4556186, 1751543271.457608, 1751543271.5912771, 1751543271.6788208, 1751543271.772293]"
1583,109,1474,"[1751543272.137825, 1751543272.2588868, 1751543272.2596421, 1751543272.4707887, 1751543272.5621052, 1751543272.6519806, 1751543272.7426968, 1751543272.8348272, 1751543272.9247847, 1751543273.0167017, 1751543273.1082919, 1751543273.1993604, 1751543273.29086, 1751543273.380723, 1751543273.471751, 1751543273.5627692, 1751543273.6541839, 1751543273.7450204, 1751543273.8357992, 1751543273.9266691, 1751543274.0172818, 1751543274.109726, 1751543274.19874, 1751543274.2891104, 1751543274.3805144, 1751543274.4706]"
927,137,790,"[1751543274.8241484, 1751543274.9135911, 1751543274.915322, 1751543275.047735, 1751543275.1395836, 1751543275.2284112, 1751543275.319413, 1751543275.412057, 1751543275.5028749, 1751543275.594505, 1751543275.6841393, 1751543275.7740161, 1751543275.862129, 1751543275.9557648, 1751543276.0492501, 1751543276.1400054, 1751543276.2315295, 1751543276.322128, 1751543276.4122376, 1751543276.503079, 1751543276.5943162, 1751543276.6852527, 1751543276.7752972, 1751543276.8673596, 1751543276.9582055, 1751543277.050279, 1751543277.1406062, 1751543277.2314184, 1751543277.3217478, 1751543277.4134085, 1751543277.5041254, 1751543277.5958326]"
1167,111,1056,"[1751543277.9653373, 1751543278.0572598, 1751543278.0578911, 1751543278.2231472, 1751543278.3120534, 1751543278.4029596, 1751543278.4941955, 1751543278.5864809, 1751543278.6782246, 1751543278.7696345, 1751543278.8594203, 1751543278.9504974, 1751543279.041571, 1751543279.1329396, 1751543279.2231028, 1751543279.313808, 1751543279.4052222, 1751543279.4965234, 1751543279.585279, 1751543279.6774344, 1751543279.7681997, 1751543279.8593638]"
1151,110,1041,"[1751543280.2634447, 1751543280.3574512, 1751543280.3584003, 1751543280.5369258, 1751543280.6258826, 1751543280.7192857, 1751543280.8078697, 1751543280.898991, 1751543280.9891682, 1751543281.0820508, 1751543281.171193, 1751543281.2627213, 1751543281.3546393, 1751543281.4442198, 1751543281.5347536, 1751543281.6272016, 1751543281.718571, 1751543281.808238, 1751543281.8982468, 1751543281.9895823, 1751543282.0811086, 1751543282.1739204, 1751543282.2639096, 1751543282.3543065, 1751543282.44499]"
1375,91,1284,"[1751543282.833577, 1751543282.942173, 1751543282.9433599, 1751543283.1511447, 1751543283.2425988, 1751543283.3361764, 1751543283.4333987, 1751543283.525094, 1751543283.6156695, 1751543283.7107146, 1751543283.7991269, 1751543283.8897355, 1751543283.9807918, 1751543284.072015, 1751543284.16318, 1751543284.2549727, 1751543284.3468645, 1751543284.4374428, 1751543284.5279555, 1751543284.6193194, 1751543284.7110634, 1751543284.8023071, 1751543284.8917258, 1751543284.98346, 1751543285.0752482, 1751543285.1668124]"
1135,228,907,"[1751543285.5410008, 1751543285.6296837, 1751543285.6309566, 1751543285.7974393, 1751543285.8849945, 1751543285.9757836, 1751543286.0661721, 1751543286.1566243, 1751543286.2480397, 1751543286.3412442, 1751543286.4308693, 1751543286.5213385, 1751543286.614534, 1751543286.7034404, 1751543286.7954013, 1751543286.8880224, 1751543286.978474, 1751543287.0689962, 1751543287.1593385, 1751543287.2509809, 1751543287.341195, 1751543287.432652, 1751543287.5256517, 1751543287.6171064, 1751543287.707952, 1751543287.8004394, 1751543287.8901746, 1751543287.9811323, 1751543288.070377, 1751543288.1602879, 1751543288.2542973, 1751543288.34792, 1751543288.442696, 1751543288.5383446, 1751543288.6297743, 1751543288.7221463, 1751543288.8142788, 1751543288.9101148, 1751543289.0042074, 1751543289.0976539, 1751543289.1942923, 1751543289.2884307, 1751543289.3865669, 1751543289.4823172, 1751543289.5790713, 1751543289.6751401, 1751543289.7676766]"
1159,99,1060,"[1751543290.1423905, 1751543290.255942, 1751543290.2568524, 1751543290.3904738, 1751543290.4796143, 1751543290.5705426, 1751543290.6658802, 1751543290.7581627, 1751543290.8489523, 1751543290.937507, 1751543291.0262022, 1751543291.1187203, 1751543291.2093568, 1751543291.3005805, 1751543291.3906517, 1751543291.4828892, 1751543291.574165, 1751543291.6646714, 1751543291.754795]"
1151,90,1061,"[1751543292.1148498, 1751543292.2695, 1751543292.270985, 1751543292.3614926, 1751543292.4498606, 1751543292.5403874, 1751543292.6315858, 1751543292.7235794, 1751543292.8152337, 1751543292.9071763, 1751543292.9974635, 1751543293.088366, 1751543293.1796408, 1751543293.2701275, 1751543293.3613634, 1751543293.451671, 1751543293.5439641, 1751543293.6336207, 1751543293.725392, 1751543293.8150978, 1751543293.9101725, 1751543293.995162, 1751543294.0863864]"
1327,138,1189,"[1751543294.457084, 1751543294.5571802, 1751543294.5582976, 1751543294.765933, 1751543294.8549223, 1751543294.945705, 1751543295.0386174, 1751543295.1302936, 1751543295.220101, 1751543295.3121896, 1751543295.4024024, 1751543295.4936888, 1751543295.585035, 1751543295.6756773, 1751543295.7667634, 1751543295.8574855, 1751543295.948886, 1751543296.0397947, 1751543296.129272, 1751543296.2211192, 1751543296.3108196, 1751543296.40408, 1751543296.4939058, 1751543296.5849593, 1751543296.6752667, 1751543296.767256]"
2103,290,1813,"[1751543297.1363413, 1751543297.2661986, 1751543297.2673235, 1751543297.4785845, 1751543297.565538, 1751543297.6557393, 1751543297.7465265, 1751543297.8385346, 1751543297.9296238, 1751543298.022254, 1751543298.110331, 1751543298.2151048, 1751543298.3030531, 1751543298.3945227, 1751543298.4853268, 1751543298.5770452, 1751543298.6691775, 1751543298.7592306, 1751543298.850755, 1751543298.9424977, 1751543299.034456, 1751543299.1270175, 1751543299.2170165, 1751543299.308855, 1751543299.3996067, 1751543299.4907782, 1751543299.5820303, 1751543299.6725266, 1751543299.7625294, 1751543299.8541908, 1751543299.9445045, 1751543300.0397258, 1751543300.1323853, 1751543300.227596, 1751543300.330243, 1751543300.42011, 1751543300.5107453, 1751543300.6047204, 1751543300.6995518, 1751543300.7933052, 1751543300.8874784, 1751543300.9832962, 1751543301.095098, 1751543301.1886206, 1751543301.280001, 1751543301.3742266, 1751543301.470607, 1751543301.5681016, 1751543301.6634462, 1751543301.7588081, 1751543301.8553069, 1751543301.9526045, 1751543302.0484204, 1751543302.1470723, 1751543302.2477603, 1751543302.3501997, 1751543302.4487731, 1751543302.54644, 1751543302.6443017, 1751543302.7438986, 1751543302.8454998, 1751543302.947584, 1751543303.0469072, 1751543303.148731, 1751543303.2481976, 1751543303.3517628, 1751543303.4467747, 1751543303.5451047, 1751543303.6446004, 1751543303.7458553, 1751543303.8482249, 1751543303.9478998, 1751543304.0488389, 1751543304.1508017, 1751543304.2518065, 1751543304.3551617, 1751543304.4560635, 1751543304.554995, 1751543304.6573243, 1751543304.759486, 1751543304.861422, 1751543304.9616156]"
1679,238,1441,"[1751543305.3619819, 1751543305.472894, 1751543305.474105, 1751543305.6622279, 1751543305.756638, 1751543305.849009, 1751543305.9374518, 1751543306.0299945, 1751543306.1203856, 1751543306.2137132, 1751543306.3036125, 1751543306.394547, 1751543306.4861453, 1751543306.5773926, 1751543306.6660576, 1751543306.7585871, 1751543306.8503222, 1751543306.941091, 1751543307.0319397, 1751543307.1232111, 1751543307.2140205, 1751543307.3057976, 1751543307.3959532, 1751543307.4868667, 1751543307.5771835, 1751543307.6693888, 1751543307.7619913, 1751543307.8512094, 1751543307.941713, 1751543308.0325325, 1751543308.1224804, 1751543308.2149873, 1751543308.3054597, 1751543308.3950884, 1751543308.486308, 1751543308.576176, 1751543308.6687968, 1751543308.7599788, 1751543308.8501766, 1751543308.9484012, 1751543309.0422442, 1751543309.1349685, 1751543309.229559, 1751543309.324641, 1751543309.4207919, 1751543309.5167212, 1751543309.6095033, 1751543309.7070596, 1751543309.80772, 1751543309.9085395, 1751543310.0084455, 1751543310.107246]"
1103,109,994,"[1751543310.5060744, 1751543310.6010478, 1751543310.6019747, 1751543310.7674644, 1751543310.8599799, 1751543310.9491997, 1751543311.0394645, 1751543311.129907, 1751543311.2222707, 1751543311.3169956, 1751543311.4055274, 1751543311.495943, 1751543311.5875347, 1751543311.678441, 1751543311.7699716, 1751543311.8605328, 1751543311.9511409, 1751543312.0422192, 1751543312.1341977, 1751543312.2248445, 1751543312.3164144, 1751543312.4076629, 1751543312.4982712, 1751543312.5897024]"
1327,134,1193,"[1751543312.9771903, 1751543313.0824568, 1751543313.0836678, 1751543313.280775, 1751543313.36943, 1751543313.4602008, 1751543313.5513303, 1751543313.6388075, 1751543313.731194, 1751543313.822813, 1751543313.9096246, 1751543313.9963381, 1751543314.085773, 1751543314.1775188, 1751543314.2683816, 1751543314.3589723, 1751543314.451941, 1751543314.5434587, 1751543314.6304924, 1751543314.7239983, 1751543314.8160367, 1751543314.9070537]"
2215,149,2066,"[1751543315.3067272, 1751543315.4303222, 1751543315.431512, 1751543315.714637, 1751543315.805349, 1751543315.895843, 1751543315.9856598, 1751543316.0753367, 1751543316.1609251, 1751543316.2497687, 1751543316.341132, 1751543316.4329631, 1751543316.5245986, 1751543316.616222, 1751543316.7066321, 1751543316.7978053, 1751543316.8889556, 1751543316.9786994, 1751543317.0673473, 1751543317.1562777, 1751543317.2498465, 1751543317.3446639, 1751543317.43494, 1751543317.5267, 1751543317.6161854, 1751543317.7081323, 1751543317.8006518, 1751543317.8903782, 1751543317.9812155, 1751543318.0718033, 1751543318.1655242, 1751543318.2555494, 1751543318.3461185, 1751543318.4377167, 1751543318.5280097]"
3247,331,2916,"[1751543318.9221933, 1751543319.027616, 1751543319.0288336, 1751543319.4703574, 1751543319.5571046, 1751543319.6495345, 1751543319.7375255, 1751543319.8260283, 1751543319.9125984, 1751543320.0029123, 1751543320.093664, 1751543320.185222, 1751543320.2764275, 1751543320.3678193, 1751543320.4569762, 1751543320.5443966, 1751543320.6314242, 1751543320.7211075, 1751543320.8126245, 1751543320.9044907, 1751543320.9945405, 1751543321.0865219, 1751543321.175624, 1751543321.267827, 1751543321.3594599, 1751543321.451678, 1751543321.5416276, 1751543321.633023, 1751543321.7424824, 1751543321.8350956, 1751543321.9257317, 1751543322.0187092, 1751543322.1123335, 1751543322.2080126, 1751543322.2991612, 1751543322.391443, 1751543322.4856088, 1751543322.5789266, 1751543322.6728714, 1751543322.767453, 1751543322.8627825, 1751543322.9588525, 1751543323.054835, 1751543323.1482506, 1751543323.2435415, 1751543323.3394432, 1751543323.4360857, 1751543323.5316014, 1751543323.6302698, 1751543323.7291002, 1751543323.8254564, 1751543323.9259815, 1751543324.0255644, 1751543324.1275833, 1751543324.2284472, 1751543324.3301013, 1751543324.4275632, 1751543324.5336185, 1751543324.6343374, 1751543324.73526, 1751543324.8364615, 1751543324.9368725]"
2111,222,1889,"[1751543325.3105786, 1751543325.431731, 1751543325.4329157, 1751543325.691556, 1751543325.7758338, 1751543325.867014, 1751543325.9583302, 1751543326.050096, 1751543326.1410565, 1751543326.2329378, 1751543326.32368, 1751543326.414667, 1751543326.5061111, 1751543326.5968108, 1751543326.6885202, 1751543326.779764, 1751543326.871714, 1751543326.9620903, 1751543327.0528924, 1751543327.1442835, 1751543327.2349656, 1751543327.3259723, 1751543327.4152694, 1751543327.5077987, 1751543327.5980473, 1751543327.6878638, 1751543327.7805314, 1751543327.8704839, 1751543327.9621282, 1751543328.0536182, 1751543328.1480248, 1751543328.2427561, 1751543328.3361096, 1751543328.4280403, 1751543328.539625, 1751543328.6301053, 1751543328.7270103, 1751543328.82227, 1751543328.9162912, 1751543329.0119076, 1751543329.10672, 1751543329.2048545, 1751543329.301138, 1751543329.3973215, 1751543329.4955862, 1751543329.598485, 1751543329.7003086, 1751543329.8009424, 1751543329.9007292, 1751543330.0028126, 1751543330.1037846, 1751543330.2029548, 1751543330.308825, 1751543330.4066305, 1751543330.5079637, 1751543330.6079755, 1751543330.7051063, 1751543330.8034117, 1751543330.9037879, 1751543331.0047224, 1751543331.1025336, 1751543331.1968856, 1751543331.291743, 1751543331.3873136, 1751543331.4890633, 1751543331.5913277, 1751543331.6933258]"
1623,227,1396,"[1751543332.0826344, 1751543332.1944852, 1751543332.1958728, 1751543332.3761473, 1751543332.4672759, 1751543332.5554197, 1751543332.6439335, 1751543332.7350147, 1751543332.8256512, 1751543332.9169905, 1751543333.0078309, 1751543333.0987535, 1751543333.1896896, 1751543333.280515, 1751543333.3709435, 1751543333.463007, 1751543333.5550184, 1751543333.6459634, 1751543333.7363079, 1751543333.8277807, 1751543333.9187596, 1751543334.00969, 1751543334.1001604, 1751543334.1922312, 1751543334.2827463, 1751543334.3754616, 1751543334.4667265, 1751543334.5573454, 1751543334.6485798, 1751543334.7401264, 1751543334.8311505, 1751543334.9222908, 1751543335.0136976, 1751543335.1049442, 1751543335.1955283, 1751543335.2883086, 1751543335.3838913, 1751543335.4784985, 1751543335.5707512, 1751543335.6634903, 1751543335.7581937, 1751543335.8558607, 1751543335.948707, 1751543336.0623274, 1751543336.1565123, 1751543336.2499082, 1751543336.3447719]"
1823,297,1526,"[1751543336.7161636, 1751543336.8262923, 1751543336.827724, 1751543337.01672, 1751543337.1047692, 1751543337.1968462, 1751543337.2854502, 1751543337.3763196, 1751543337.466196, 1751543337.5593245, 1751543337.6507275, 1751543337.7418132, 1751543337.8332324, 1751543337.9246104, 1751543338.0158162, 1751543338.1060207, 1751543338.1976712, 1751543338.2892823, 1751543338.3793805, 1751543338.472715, 1751543338.5612292, 1751543338.6521142, 1751543338.7431533, 1751543338.8346298, 1751543338.9271343, 1751543339.0167031, 1751543339.1063402, 1751543339.197785, 1751543339.289352, 1751543339.3825517, 1751543339.4734485, 1751543339.5659494, 1751543339.660636, 1751543339.755038, 1751543339.8476665, 1751543339.9456677, 1751543340.0374863, 1751543340.1310937, 1751543340.2210217, 1751543340.317969, 1751543340.426273, 1751543340.521201, 1751543340.6172931, 1751543340.7137144, 1751543340.8130095, 1751543340.910658, 1751543341.0052698, 1751543341.1030679, 1751543341.198262, 1751543341.298394, 1751543341.3985329, 1751543341.4999523, 1751543341.6002014, 1751543341.7022128, 1751543341.8011324, 1751543341.8987572, 1751543341.9959733, 1751543342.0968053, 1751543342.197255, 1751543342.30024, 1751543342.3996084, 1751543342.5000825, 1751543342.6014197, 1751543342.7036116, 1751543342.8052702, 1751543342.90656, 1751543343.0084147, 1751543343.1090977, 1751543343.210078, 1751543343.3121552, 1751543343.4143994, 1751543343.5149074, 1751543343.6161437, 1751543343.7180588, 1751543343.820962]"
2287,157,2130,"[1751543344.213296, 1751543344.3093488, 1751543344.3105454, 1751543344.6692333, 1751543344.7590275, 1751543344.8500676, 1751543344.9404433, 1751543345.032092, 1751543345.122712, 1751543345.2120802, 1751543345.3032148, 1751543345.3958151, 1751543345.4870245, 1751543345.5777903, 1751543345.672605, 1751543345.7708752, 1751543345.8620958, 1751543345.9525979, 1751543346.043128, 1751543346.1326275, 1751543346.2194664, 1751543346.3140364, 1751543346.408163, 1751543346.4994264]"
1927,265,1662,"[1751543346.8804276, 1751543347.0019236, 1751543347.0031202, 1751543347.2129848, 1751543347.3045695, 1751543347.3969846, 1751543347.4862225, 1751543347.577768, 1751543347.6683195, 1751543347.758351, 1751543347.849216, 1751543347.9420922, 1751543348.0329866, 1751543348.1237543, 1751543348.2148252, 1751543348.3044739, 1751543348.3968048, 1751543348.4883702, 1751543348.5787816, 1751543348.6702578, 1751543348.760772, 1751543348.85215, 1751543348.9432862, 1751543349.0354512, 1751543349.1253266, 1751543349.216658, 1751543349.3067262, 1751543349.398151, 1751543349.4882493, 1751543349.5795825, 1751543349.6716816, 1751543349.7647781, 1751543349.8602157, 1751543349.9537103, 1751543350.0440557, 1751543350.1363342, 1751543350.226481, 1751543350.3195705, 1751543350.4169168, 1751543350.5117817, 1751543350.6078978, 1751543350.705599, 1751543350.7993166, 1751543350.8905478, 1751543350.9841907, 1751543351.0817788, 1751543351.179989, 1751543351.2760592, 1751543351.3752704, 1751543351.4762604, 1751543351.578813, 1751543351.678553]"
2119,213,1906,"[1751543352.0818117, 1751543352.202373, 1751543352.2035763, 1751543352.4625597, 1751543352.5494332, 1751543352.6580875, 1751543352.7468853, 1751543352.8407152, 1751543352.9323864, 1751543353.018748, 1751543353.1049268, 1751543353.1964705, 1751543353.2867684, 1751543353.3782094, 1751543353.469449, 1751543353.5604215, 1751543353.6519787, 1751543353.7429206, 1751543353.8330758, 1751543353.9242983, 1751543354.014088, 1751543354.1064894, 1751543354.1978004, 1751543354.2888026, 1751543354.3792558, 1751543354.4716358, 1751543354.5610495, 1751543354.6523733, 1751543354.742876, 1751543354.8345506, 1751543354.9263442, 1751543355.0168781, 1751543355.1107857, 1751543355.2052908, 1751543355.2986083, 1751543355.391953, 1751543355.4845207, 1751543355.580138, 1751543355.6741066, 1751543355.768426]"
1847,371,1476,"[1751543356.1419535, 1751543356.2316647, 1751543356.2323022, 1751543356.3919437, 1751543356.4809542, 1751543356.5715182, 1751543356.6621218, 1751543356.751949, 1751543356.8460577, 1751543356.9391026, 1751543357.0278227, 1751543357.1150455, 1751543357.2086728, 1751543357.3003259, 1751543357.3920946, 1751543357.4843395, 1751543357.576706, 1751543357.6664877, 1751543357.7570422, 1751543357.8478694, 1751543357.938868, 1751543358.0309942, 1751543358.1225498, 1751543358.2097225, 1751543358.3020368, 1751543358.394354, 1751543358.4879925, 1751543358.5778408, 1751543358.6662166, 1751543358.7562711, 1751543358.848212, 1751543358.9404252, 1751543359.032887, 1751543359.1319642, 1751543359.223279, 1751543359.3143651, 1751543359.4061494, 1751543359.4963577, 1751543359.5877087, 1751543359.6803098, 1751543359.7754045, 1751543359.8724647, 1751543359.9660249, 1751543360.0622613, 1751543360.1601784, 1751543360.2613258, 1751543360.3663507, 1751543360.464065, 1751543360.5618465, 1751543360.6583328, 1751543360.7588766, 1751543360.8612678, 1751543360.9596686, 1751543361.0621293, 1751543361.1582348, 1751543361.2540278, 1751543361.3549855, 1751543361.4522407, 1751543361.5473926, 1751543361.6432376, 1751543361.7423584, 1751543361.841885, 1751543361.9427629, 1751543362.0417876, 1751543362.1432276, 1751543362.2474422, 1751543362.347443, 1751543362.4480653, 1751543362.5502396, 1751543362.6507344, 1751543362.7529135, 1751543362.8544164, 1751543362.9529495, 1751543363.0549896, 1751543363.1570456, 1751543363.2599127, 1751543363.3603563, 1751543363.461465, 1751543363.5622652, 1751543363.6633852, 1751543363.7656953, 1751543363.864406, 1751543363.9665325, 1751543364.0675046, 1751543364.169159, 1751543364.2708912, 1751543364.372192, 1751543364.4729927, 1751543364.5720956, 1751543364.674293, 1751543364.7771766, 1751543364.8771813, 1751543364.977261, 1751543365.0794587, 1751543365.1807384, 1751543365.2838871, 1751543365.3862703, 1751543365.4962854, 1751543365.598895, 1751543365.7041993, 1751543365.807747, 1751543365.915532, 1751543366.0219357, 1751543366.1276796, 1751543366.236053, 1751543366.3413594, 1751543366.4500675, 1751543366.553717, 1751543366.6594596, 1751543366.7651103, 1751543366.875357, 1751543366.982799, 1751543367.094224, 1751543367.200719, 1751543367.3109345, 1751543367.4231305, 1751543367.5337203, 1751543367.6387382, 1751543367.7470236, 1751543367.856281]"
1575,63,1512,"[1751543368.266486, 1751543368.3695943, 1751543368.3707747, 1751543368.6038117, 1751543368.6964583, 1751543368.787266, 1751543368.8779302, 1751543368.969686, 1751543369.060379, 1751543369.1515388, 1751543369.2429929, 1751543369.3345957, 1751543369.426219, 1751543369.5169284, 1751543369.6071088, 1751543369.6983025, 1751543369.789356, 1751543369.8808637, 1751543369.9717984, 1751543370.0633364, 1751543370.1540208, 1751543370.2432077, 1751543370.334684]"
1311,130,1181,"[1751543370.7120361, 1751543370.8243775, 1751543370.8254125, 1751543371.0063066, 1751543371.0940714, 1751543371.18498, 1751543371.2769558, 1751543371.3680193, 1751543371.4583313, 1751543371.5499558, 1751543371.6410885, 1751543371.7326276, 1751543371.8254209, 1751543371.9154646, 1751543372.0048926, 1751543372.0966082, 1751543372.1862867, 1751543372.278966, 1751543372.3693883, 1751543372.4609892, 1751543372.551445, 1751543372.6430132]"
3183,363,2820,"[1751543373.0812824, 1751543373.1761012, 1751543373.1770215, 1751543373.6234536, 1751543373.7129924, 1751543373.800824, 1751543373.8868937, 1751543373.9765236, 1751543374.0659692, 1751543374.1576917, 1751543374.2487848, 1751543374.339934, 1751543374.431072, 1751543374.5226972, 1751543374.6113536, 1751543374.703237, 1751543374.7940207, 1751543374.8846843, 1751543375.035479, 1751543375.127435, 1751543375.2186806, 1751543375.31138, 1751543375.4019914, 1751543375.4926367, 1751543375.5839837, 1751543375.6831803, 1751543375.780108, 1751543375.8786016, 1751543375.9685845, 1751543376.0730941, 1751543376.1622326, 1751543376.2560086, 1751543376.3496623, 1751543376.4446247, 1751543376.5354269, 1751543376.62643, 1751543376.719494, 1751543376.814109, 1751543376.9079442, 1751543376.9980512, 1751543377.0955029, 1751543377.1912787, 1751543377.2845662, 1751543377.3763056, 1751543377.4718072, 1751543377.5668309, 1751543377.665564, 1751543377.7598295, 1751543377.853329, 1751543377.9493525, 1751543378.0486798, 1751543378.1501484, 1751543378.244863, 1751543378.34289, 1751543378.4436743, 1751543378.5451944, 1751543378.6430893, 1751543378.738168, 1751543378.8367288, 1751543378.9326544, 1751543379.0313206, 1751543379.134145, 1751543379.2333949, 1751543379.3349533, 1751543379.43694, 1751543379.5377786, 1751543379.6404006]"
1551,117,1434,"[1751543380.0348687, 1751543380.1441035, 1751543380.1453023, 1751543380.3776608, 1751543380.4703913, 1751543380.5604484, 1751543380.6503742, 1751543380.7428784, 1751543380.8325255, 1751543380.9243789, 1751543381.0135326, 1751543381.1057506, 1751543381.1968713, 1751543381.2880898, 1751543381.3790197, 1751543381.4707508, 1751543381.5617385, 1751543381.6516004, 1751543381.7430348, 1751543381.83509, 1751543381.925782, 1751543382.0182152, 1751543382.1079996]"
1535,187,1348,"[1751543382.5004592, 1751543382.618953, 1751543382.620416, 1751543382.7967963, 1751543382.886842, 1751543382.978623, 1751543383.0676894, 1751543383.159183, 1751543383.2492003, 1751543383.3418448, 1751543383.431866, 1751543383.523132, 1751543383.61383, 1751543383.7034764, 1751543383.7955375, 1751543383.887619, 1751543383.9790568, 1751543384.0704937, 1751543384.1610916, 1751543384.2526865, 1751543384.3429248, 1751543384.434181, 1751543384.5232704, 1751543384.6158035, 1751543384.7069442, 1751543384.7989273, 1751543384.8893409, 1751543384.9806256, 1751543385.0716603, 1751543385.1630688, 1751543385.2536974, 1751543385.3469484, 1751543385.4425428, 1751543385.5368197, 1751543385.6285677, 1751543385.7226017, 1751543385.8180542, 1751543385.9115584, 1751543386.0083258]"
3607,994,2613,"[1751543386.4131286, 1751543386.5116935, 1751543386.512461, 1751543386.8610213, 1751543386.9467926, 1751543387.034222, 1751543387.1237044, 1751543387.2148964, 1751543387.3057966, 1751543387.397957, 1751543387.4884388, 1751543387.578762, 1751543387.6710377, 1751543387.761479, 1751543387.85054, 1751543387.9404063, 1751543388.028753, 1751543388.1158457, 1751543388.206472, 1751543388.297532, 1751543388.3882775, 1751543388.4809418, 1751543388.5704083, 1751543388.6620677, 1751543388.7531502, 1751543388.843398, 1751543388.933972, 1751543389.0270712, 1751543389.118072, 1751543389.209307, 1751543389.3010561, 1751543389.4119287, 1751543389.5033374, 1751543389.5964549, 1751543389.6871672, 1751543389.7816129, 1751543389.8775415, 1751543389.9763398, 1751543390.0702355, 1751543390.1640825, 1751543390.2648835, 1751543390.3679507, 1751543390.4627633, 1751543390.5604322, 1751543390.6554687, 1751543390.755875, 1751543390.8533041, 1751543390.9457479, 1751543391.0413494, 1751543391.1356792, 1751543391.2286034, 1751543391.3257492, 1751543391.422345, 1751543391.5240538, 1751543391.6253283, 1751543391.7282171, 1751543391.8281438, 1751543391.93013, 1751543392.0300303, 1751543392.1324704, 1751543392.2349973, 1751543392.3351789, 1751543392.4353666, 1751543392.5360765, 1751543392.6377008, 1751543392.7377462, 1751543392.839226, 1751543392.9400725, 1751543393.040487, 1751543393.1423197, 1751543393.244325, 1751543393.3446567, 1751543393.445427, 1751543393.5456696, 1751543393.646864, 1751543393.7500396, 1751543393.850188, 1751543393.9506497, 1751543394.052329, 1751543394.1537282, 1751543394.254886, 1751543394.3561907, 1751543394.477594, 1751543394.5788891, 1751543394.6797931, 1751543394.7815986, 1751543394.8821015, 1751543394.9827359, 1751543395.0842252, 1751543395.183785, 1751543395.2893457, 1751543395.3943336, 1751543395.498567, 1751543395.6041527, 1751543395.707283, 1751543395.8114896, 1751543395.915302, 1751543396.0178866, 1751543396.1235893, 1751543396.2284915, 1751543396.3352344, 1751543396.437721, 1751543396.5381124, 1751543396.6411324, 1751543396.7506416, 1751543396.8606267, 1751543396.9678893, 1751543397.073884, 1751543397.182377, 1751543397.2899997, 1751543397.3979232, 1751543397.50849, 1751543397.6198213, 1751543397.727771, 1751543397.8357735, 1751543397.9441533, 1751543398.0540624, 1751543398.1654813, 1751543398.279501, 1751543398.3888555, 1751543398.5006611, 1751543398.608329, 1751543398.7180228, 1751543398.8251123, 1751543398.935583, 1751543399.045818, 1751543399.1570745, 1751543399.2661037, 1751543399.373031, 1751543399.4810216, 1751543399.5911522, 1751543399.7016246, 1751543399.8162673, 1751543399.9280019, 1751543400.0383186, 1751543400.1498082, 1751543400.2609663, 1751543400.3720183, 1751543400.4846933, 1751543400.5948691, 1751543400.7061243, 1751543400.8171666, 1751543400.9281144, 1751543401.0405936, 1751543401.1505296, 1751543401.2619817, 1751543401.3809993, 1751543401.4943542, 1751543401.605228]"
1431,363,1068,"[1751543402.0006254, 1751543402.0947578, 1751543402.0959513, 1751543402.260112, 1751543402.3528879, 1751543402.4427147, 1751543402.5295477, 1751543402.615418, 1751543402.7059846, 1751543402.8000307, 1751543402.8923745, 1751543402.981951, 1751543403.071917, 1751543403.1632407, 1751543403.2540472, 1751543403.343915, 1751543403.4357686, 1751543403.5302966, 1751543403.6188066, 1751543403.708437, 1751543403.8001077, 1751543403.8931284, 1751543403.9846961, 1751543404.074257, 1751543404.1664772, 1751543404.2571607, 1751543404.348328, 1751543404.438325, 1751543404.529022, 1751543404.6185353, 1751543404.7285297, 1751543404.8225996, 1751543404.9138572, 1751543405.0048015, 1751543405.0965865, 1751543405.1886528, 1751543405.2824512, 1751543405.3774416, 1751543405.4711163, 1751543405.5697434, 1751543405.6690483, 1751543405.768004, 1751543405.862902, 1751543405.9601061, 1751543406.0553124, 1751543406.148397, 1751543406.2480395, 1751543406.3453517, 1751543406.4404876, 1751543406.5354805, 1751543406.6293056, 1751543406.7281373, 1751543406.823421, 1751543406.922768, 1751543407.0250392, 1751543407.1258633, 1751543407.2280226, 1751543407.3256974, 1751543407.4215145, 1751543407.5211647, 1751543407.621714, 1751543407.723423, 1751543407.8231213, 1751543407.924682, 1751543408.0270767, 1751543408.1285272]"
1071,210,861,"[1751543408.5310016, 1751543408.620859, 1751543408.6220436, 1751543408.7611792, 1751543408.8477411, 1751543408.9379733, 1751543409.0291946, 1751543409.1200798, 1751543409.210673, 1751543409.298742, 1751543409.387977, 1751543409.474829, 1751543409.5663002, 1751543409.6578805, 1751543409.7481456, 1751543409.8392308, 1751543409.9304109, 1751543410.0204573, 1751543410.1102772, 1751543410.201574, 1751543410.2947655, 1751543410.3873358, 1751543410.4772658, 1751543410.568249, 1751543410.6584938, 1751543410.7489047, 1751543410.8416574, 1751543410.9318209, 1751543411.022624, 1751543411.1138213, 1751543411.2047057, 1751543411.3020697, 1751543411.3964515, 1751543411.4886396, 1751543411.5829504, 1751543411.678177, 1751543411.7737951, 1751543411.8681207, 1751543411.9619558, 1751543412.0581026, 1751543412.1527696, 1751543412.2484415, 1751543412.344912, 1751543412.4398456, 1751543412.5354936, 1751543412.63038, 1751543412.7294014, 1751543412.8292437, 1751543412.9259174, 1751543413.0231056, 1751543413.1209204, 1751543413.216831, 1751543413.315488, 1751543413.4160233, 1751543413.5163713, 1751543413.618227, 1751543413.720682, 1751543413.821571]"
1423,104,1319,"[1751543414.1910613, 1751543414.2915456, 1751543414.2927537, 1751543414.5289114, 1751543414.6171288, 1751543414.710022, 1751543414.800679, 1751543414.8920028, 1751543414.979358, 1751543415.0664654, 1751543415.156209, 1751543415.2469783, 1751543415.3384516]"
967,217,750,"[1751543415.7336879, 1751543415.8248186, 1751543415.8264303, 1751543415.9587445, 1751543416.0458066, 1751543416.1380641, 1751543416.2269738, 1751543416.3181443, 1751543416.407849, 1751543416.4959934, 1751543416.5844004, 1751543416.673033, 1751543416.7672727, 1751543416.856148, 1751543416.9458284, 1751543417.0370665, 1751543417.1294177, 1751543417.2206225, 1751543417.311744, 1751543417.4026725, 1751543417.4936874, 1751543417.584007, 1751543417.6747966, 1751543417.7663848, 1751543417.8571904, 1751543417.9490516, 1751543418.0390306, 1751543418.1332958, 1751543418.2283242, 1751543418.3167846, 1751543418.4120722, 1751543418.504761, 1751543418.5957842, 1751543418.6877706]"
1487,94,1393,"[1751543419.0548816, 1751543419.1612034, 1751543419.16208, 1751543419.3850727, 1751543419.4764378, 1751543419.5665362, 1751543419.6571136, 1751543419.749109, 1751543419.8399854, 1751543419.931691, 1751543420.022279, 1751543420.1135585, 1751543420.2049441, 1751543420.3049474, 1751543420.3978803, 1751543420.489005, 1751543420.5800257, 1751543420.6711414, 1751543420.7623315, 1751543420.852777, 1751543420.9441438, 1751543421.0353336, 1751543421.1236238, 1751543421.212976]"
2839,237,2602,"[1751543421.6045353, 1751543421.7004647, 1751543421.7016656, 1751543422.0371902, 1751543422.1271274, 1751543422.2169495, 1751543422.3022313, 1751543422.3907053, 1751543422.4808612, 1751543422.5723677, 1751543422.6628494, 1751543422.7540262, 1751543422.8451533, 1751543422.935204, 1751543423.0268688, 1751543423.1175642, 1751543423.208743, 1751543423.3005753, 1751543423.391593, 1751543423.4824092, 1751543423.5728323, 1751543423.6651978, 1751543423.7547598, 1751543423.846122, 1751543423.9362442, 1751543424.0285506, 1751543424.1221943, 1751543424.212558, 1751543424.303005, 1751543424.3931098, 1751543424.4820013, 1751543424.5744119, 1751543424.6635144, 1751543424.7534933, 1751543424.8465917, 1751543424.938874, 1751543425.0323272, 1751543425.127518, 1751543425.221287, 1751543425.313637, 1751543425.4064095, 1751543425.5222154, 1751543425.6125486, 1751543425.7073424, 1751543425.8048503, 1751543425.8998065, 1751543425.995796, 1751543426.0912046, 1751543426.1873658, 1751543426.2841468, 1751543426.382783, 1751543426.4842305, 1751543426.5813074, 1751543426.6775756, 1751543426.777109, 1751543426.8747964, 1751543426.971114, 1751543427.0704074, 1751543427.1708918, 1751543427.2723513, 1751543427.372755, 1751543427.4713094, 1751543427.5683048, 1751543427.6661382]"
2343,288,2055,"[1751543428.0548031, 1751543428.1793988, 1751543428.1809032, 1751543428.437379, 1751543428.5255618, 1751543428.6177273, 1751543428.707933, 1751543428.8006582, 1751543428.8905845, 1751543428.9822366, 1751543429.0726318, 1751543429.1641157, 1751543429.2547092, 1751543429.3466866, 1751543429.437404, 1751543429.5294073, 1751543429.6206717, 1751543429.7114096, 1751543429.8019466, 1751543429.893248, 1751543429.9844532, 1751543430.0766792, 1751543430.1674855, 1751543430.2573445, 1751543430.3482254, 1751543430.4386294, 1751543430.528395, 1751543430.621963, 1751543430.712759, 1751543430.8045492, 1751543430.8952663, 1751543430.9868035, 1751543431.0780845, 1751543431.1670964, 1751543431.258947, 1751543431.3500986, 1751543431.4423099, 1751543431.5393925, 1751543431.6325104, 1751543431.7249818, 1751543431.8215716, 1751543431.9173706, 1751543432.0134025, 1751543432.1083438, 1751543432.2025225, 1751543432.2984173, 1751543432.3981636, 1751543432.4934182, 1751543432.5892615, 1751543432.6855574, 1751543432.780857, 1751543432.877933, 1751543432.9745824, 1751543433.0737529, 1751543433.1680677, 1751543433.2670364, 1751543433.3685162, 1751543433.4699204]"
1711,325,1386,"[1751543433.8748524, 1751543433.9832025, 1751543433.9843953, 1751543434.1795423, 1751543434.2689412, 1751543434.3607852, 1751543434.4506063, 1751543434.5422995, 1751543434.6300318, 1751543434.7194946, 1751543434.8047326, 1751543434.8939927, 1751543434.9850724, 1751543435.075824, 1751543435.1634479, 1751543435.254443, 1751543435.3414433, 1751543435.4313595, 1751543435.5220752, 1751543435.6135445, 1751543435.7143002, 1751543435.8255465, 1751543435.9170547, 1751543436.007274, 1751543436.0983918, 1751543436.1879537, 1751543436.2813046, 1751543436.3723354, 1751543436.460967, 1751543436.5529718, 1751543436.6422386, 1751543436.7377057, 1751543436.8296776, 1751543436.92245, 1751543437.0177054, 1751543437.1107497, 1751543437.2052767, 1751543437.3011534, 1751543437.39651, 1751543437.49297, 1751543437.5932062, 1751543437.6881406, 1751543437.7849476, 1751543437.87932, 1751543437.973626, 1751543438.0694075, 1751543438.1697698, 1751543438.2680976, 1751543438.3644218, 1751543438.460706, 1751543438.556268, 1751543438.6563845, 1751543438.7558684, 1751543438.8578155, 1751543438.9581625, 1751543439.0611453, 1751543439.159279, 1751543439.2544258, 1751543439.350422, 1751543439.446354, 1751543439.542155, 1751543439.639189, 1751543439.7393754, 1751543439.8408368, 1751543439.9414785, 1751543440.0425289, 1751543440.144398, 1751543440.2441182, 1751543440.3440654, 1751543440.442517, 1751543440.545791, 1751543440.649926]"
1495,111,1384,"[1751543441.0557191, 1751543441.1625125, 1751543441.163687, 1751543441.361094, 1751543441.4573402, 1751543441.5499916, 1751543441.6392233, 1751543441.730516, 1751543441.821248, 1751543441.9132712, 1751543442.00348, 1751543442.0954554, 1751543442.1850362, 1751543442.2766907, 1751543442.3674712, 1751543442.4583855, 1751543442.548886, 1751543442.6393511, 1751543442.7319632, 1751543442.8236403, 1751543442.9145036, 1751543443.0058532, 1751543443.0965624, 1751543443.185814, 1751543443.2756815, 1751543443.3705125, 1751543443.463131, 1751543443.5523586, 1751543443.6426835, 1751543443.733762, 1751543443.8247879]"
1231,45,1186,"[1751543444.2115562, 1751543444.3219578, 1751543444.3228626, 1751543444.5150726, 1751543444.6032891, 1751543444.6931548, 1751543444.7836738, 1751543444.875639, 1751543444.966373, 1751543445.0574996, 1751543445.147584, 1751543445.2396898, 1751543445.3282928, 1751543445.4207036, 1751543445.5118442]"
1727,177,1550,"[1751543445.8906395, 1751543445.9978435, 1751543445.9987712, 1751543446.2309484, 1751543446.3206623, 1751543446.4299896, 1751543446.5213237, 1751543446.6130774, 1751543446.7042913, 1751543446.795816, 1751543446.8853648, 1751543446.9761589, 1751543447.0688884, 1751543447.160886, 1751543447.2513433, 1751543447.3429089, 1751543447.4344313, 1751543447.5252633, 1751543447.6159074, 1751543447.707656, 1751543447.7978842, 1751543447.888569, 1751543447.9796526, 1751543448.0710878, 1751543448.162087, 1751543448.2528162, 1751543448.342825, 1751543448.434086, 1751543448.524673, 1751543448.6162217, 1751543448.7091308, 1751543448.800372, 1751543448.8917563, 1751543448.9848974, 1751543449.0792205, 1751543449.1741762, 1751543449.2697837, 1751543449.3639858, 1751543449.4613152, 1751543449.555943, 1751543449.6536696, 1751543449.750019, 1751543449.8458617, 1751543449.9430144, 1751543450.0377374, 1751543450.138701, 1751543450.2349153, 1751543450.33674, 1751543450.4280546]"
1575,206,1369,"[1751543450.8331258, 1751543450.9399662, 1751543450.9406037, 1751543451.1348379, 1751543451.222428, 1751543451.3143296, 1751543451.4049613, 1751543451.4959195, 1751543451.5847676, 1751543451.6740842, 1751543451.7619147, 1751543451.8512037, 1751543451.9414134, 1751543452.0329201, 1751543452.123805, 1751543452.2322679, 1751543452.3259819, 1751543452.4174833, 1751543452.5089016, 1751543452.5996418, 1751543452.6915085, 1751543452.7833467, 1751543452.8730836, 1751543452.9647543, 1751543453.0546682, 1751543453.146613, 1751543453.2390664, 1751543453.3287673, 1751543453.419612, 1751543453.5110793, 1751543453.6025822, 1751543453.6957154, 1751543453.7904296, 1751543453.8841226, 1751543453.9736655, 1751543454.068508, 1751543454.1612709, 1751543454.2550678, 1751543454.3490992, 1751543454.4411821, 1751543454.5335894, 1751543454.6315804, 1751543454.724346, 1751543454.818395, 1751543454.9116366, 1751543455.0035253, 1751543455.0976803, 1751543455.1967998, 1751543455.2949517, 1751543455.3910227, 1751543455.4903255, 1751543455.592725, 1751543455.6926048, 1751543455.793966, 1751543455.8945053, 1751543455.996271]"
3247,286,2961,"[1751543456.4020329, 1751543456.5039055, 1751543456.5049784, 1751543456.8851485, 1751543456.9766674, 1751543457.068474, 1751543457.1568162, 1751543457.2493742, 1751543457.340513, 1751543457.4329753, 1751543457.523812, 1751543457.6147153, 1751543457.7072282, 1751543457.7983692, 1751543457.8863611, 1751543457.9789548, 1751543458.0706713, 1751543458.1618679, 1751543458.2527993, 1751543458.3446004, 1751543458.4340734, 1751543458.5280454, 1751543458.6176884, 1751543458.7089427, 1751543458.7997775, 1751543458.8917556, 1751543458.9827178, 1751543459.0737503, 1751543459.1642354, 1751543459.2615654, 1751543459.3553352, 1751543459.455147, 1751543459.5461428, 1751543459.6377444, 1751543459.7291384, 1751543459.8194308, 1751543459.912794, 1751543460.0073776, 1751543460.1021967, 1751543460.1970267, 1751543460.2895608, 1751543460.3858144, 1751543460.4836226, 1751543460.579701, 1751543460.6762543, 1751543460.7740161, 1751543460.871277, 1751543460.969204, 1751543461.0694175, 1751543461.1709824, 1751543461.269329, 1751543461.3665042, 1751543461.465094, 1751543461.5598125, 1751543461.6573637, 1751543461.7577932, 1751543461.8600159, 1751543461.9599268, 1751543462.058871, 1751543462.1603334, 1751543462.2616258, 1751543462.3627024, 1751543462.4613278, 1751543462.5588446, 1751543462.6587965, 1751543462.7584298, 1751543462.8610466, 1751543462.9623919, 1751543463.062671, 1751543463.1638165, 1751543463.2651887, 1751543463.3683078, 1751543463.4692976, 1751543463.5703182, 1751543463.673959, 1751543463.7721262, 1751543463.8750083, 1751543463.9741466, 1751543464.075528, 1751543464.176631, 1751543464.276354, 1751543464.3802247, 1751543464.4808445, 1751543464.5815911, 1751543464.6820476, 1751543464.7830381, 1751543464.8863177, 1751543464.9869514]"
2063,289,1774,"[1751543465.379544, 1751543465.5006905, 1751543465.5013258, 1751543465.7720304, 1751543465.8658705, 1751543465.9578137, 1751543466.048178, 1751543466.1394734, 1751543466.2264314, 1751543466.3129053, 1751543466.4022033, 1751543466.494622, 1751543466.5845244, 1751543466.6736207, 1751543466.7664442, 1751543466.8584037, 1751543466.968254, 1751543467.0605664, 1751543467.1510184, 1751543467.2423284, 1751543467.3343651, 1751543467.4251266, 1751543467.5142484, 1751543467.6067905, 1751543467.6983786, 1751543467.7899728, 1751543467.882573, 1751543467.972108, 1751543468.0634792, 1751543468.153127, 1751543468.244915, 1751543468.3379297, 1751543468.4284482, 1751543468.5195568, 1751543468.6108828, 1751543468.7027323, 1751543468.794224, 1751543468.889547, 1751543468.9842386, 1751543469.0783255, 1751543469.1723979, 1751543469.2747838, 1751543469.3708394, 1751543469.466436, 1751543469.560147, 1751543469.6580365, 1751543469.7552779, 1751543469.8511033, 1751543469.948129, 1751543470.044137, 1751543470.1427083, 1751543470.2432904, 1751543470.3430922, 1751543470.4398823, 1751543470.5362263, 1751543470.6356008, 1751543470.733927]"
2047,280,1767,"[1751543471.135046, 1751543471.245351, 1751543471.2465541, 1751543471.471603, 1751543471.561777, 1751543471.65259, 1751543471.742305, 1751543471.8338954, 1751543471.9234784, 1751543472.015205, 1751543472.106548, 1751543472.1978524, 1751543472.2891924, 1751543472.3802478, 1751543472.4707196, 1751543472.5622177, 1751543472.654793, 1751543472.7455106, 1751543472.836663, 1751543472.9281082, 1751543473.0192535, 1751543473.1111095, 1751543473.2012234, 1751543473.2933214, 1751543473.38349, 1751543473.4756203, 1751543473.567182, 1751543473.6573, 1751543473.748704, 1751543473.8394263, 1751543473.9304943, 1751543474.0224614, 1751543474.1137168, 1751543474.2062051, 1751543474.3002257, 1751543474.3956668, 1751543474.485905, 1751543474.5757458, 1751543474.6669397, 1751543474.759562, 1751543474.851207, 1751543474.9495983, 1751543475.0442555, 1751543475.1457932, 1751543475.2387683, 1751543475.3348832, 1751543475.4311182, 1751543475.522942, 1751543475.618229, 1751543475.7185278, 1751543475.8202193, 1751543475.9220243, 1751543476.0219781, 1751543476.122697, 1751543476.2242103, 1751543476.3251483, 1751543476.4378974, 1751543476.5383668, 1751543476.6387844, 1751543476.7411978, 1751543476.8415892, 1751543476.9426355, 1751543477.0431075, 1751543477.1441555, 1751543477.2435691, 1751543477.3466587, 1751543477.4471982, 1751543477.5428147, 1751543477.638042, 1751543477.7385912, 1751543477.8405693, 1751543477.9430258, 1751543478.0429685, 1751543478.144855, 1751543478.2432888, 1751543478.345992, 1751543478.4478724, 1751543478.5472615, 1751543478.6463914]"
1207,162,1045,"[1751543479.0551062, 1751543479.166758, 1751543479.1679616, 1751543479.3681748, 1751543479.4574828, 1751543479.5490036, 1751543479.6403348, 1751543479.7358665, 1751543479.8238146, 1751543479.915335, 1751543480.0048883, 1751543480.09508, 1751543480.1870399, 1751543480.283381, 1751543480.3887713, 1751543480.4764056, 1751543480.5709324, 1751543480.6620708, 1751543480.7514298, 1751543480.8427424, 1751543480.9334576]"
1119,158,961,"[1751543481.2961347, 1751543481.3874817, 1751543481.3884215, 1751543481.56162, 1751543481.6510258, 1751543481.7429297, 1751543481.8329356, 1751543481.9256835, 1751543482.0153563, 1751543482.1062167, 1751543482.1971478, 1751543482.2890077, 1751543482.3802948, 1751543482.471118, 1751543482.5614505, 1751543482.6525662, 1751543482.7443242, 1751543482.8344884, 1751543482.9251163, 1751543483.0140522, 1751543483.1048596, 1751543483.1986845, 1751543483.288603, 1751543483.3801553, 1751543483.4710922, 1751543483.5616658, 1751543483.6534407, 1751543483.7439501, 1751543483.8345864, 1751543483.9288116, 1751543484.024071, 1751543484.1175086, 1751543484.207913, 1751543484.3064458, 1751543484.3991296, 1751543484.491473]"
1607,56,1551,"[1751543484.8820338, 1751543485.001794, 1751543485.002939, 1751543485.2181158, 1751543485.3088522, 1751543485.39936, 1751543485.4903069, 1751543485.581876, 1751543485.673214, 1751543485.7659075, 1751543485.8557258, 1751543485.946631, 1751543486.0384243]"
1775,270,1505,"[1751543486.3980095, 1751543486.5030825, 1751543486.5042722, 1751543486.7428386, 1751543486.836156, 1751543486.926418, 1751543487.0169532, 1751543487.108524, 1751543487.199754, 1751543487.292653, 1751543487.384023, 1751543487.475308, 1751543487.5668004, 1751543487.6566281, 1751543487.7477937, 1751543487.8479478, 1751543487.9376533, 1751543488.030987, 1751543488.1227145, 1751543488.21339, 1751543488.3035378, 1751543488.3965724, 1751543488.4849136, 1751543488.577171, 1751543488.6683562, 1751543488.7596982, 1751543488.8508475, 1751543488.9414785, 1751543489.0313478, 1751543489.1242738, 1751543489.2149427, 1751543489.3069239, 1751543489.3974075, 1751543489.4918342, 1751543489.586581, 1751543489.681463, 1751543489.7757287, 1751543489.8704522, 1751543489.9642508, 1751543490.056034, 1751543490.150487, 1751543490.2466772, 1751543490.3461597, 1751543490.4407623, 1751543490.5367153, 1751543490.6313698, 1751543490.7273803, 1751543490.8218446, 1751543490.9216802, 1751543491.019237, 1751543491.114371, 1751543491.2159278, 1751543491.3160806, 1751543491.4172137, 1751543491.518164, 1751543491.618947, 1751543491.7224362, 1751543491.8230574]"
1311,122,1189,"[1751543492.2385597, 1751543492.3461173, 1751543492.3472786, 1751543492.5466647, 1751543492.630592, 1751543492.722412, 1751543492.8139315, 1751543492.905486, 1751543492.9955046, 1751543493.0877516, 1751543493.1782837, 1751543493.2684352, 1751543493.3589838, 1751543493.4508724, 1751543493.542472, 1751543493.6335897]"
1335,156,1179,"[1751543494.012744, 1751543494.1077468, 1751543494.108675, 1751543494.2685335, 1751543494.3595884, 1751543494.4515815, 1751543494.5419793, 1751543494.6343782, 1751543494.7219715, 1751543494.8137662, 1751543494.9048657, 1751543494.9963028, 1751543495.0881524, 1751543495.177928, 1751543495.2690609, 1751543495.3617685, 1751543495.4532874, 1751543495.544337, 1751543495.6353981, 1751543495.7383854, 1751543495.8273354, 1751543495.9183369, 1751543496.0083835, 1751543496.0997777, 1751543496.1879191, 1751543496.282801, 1751543496.3796172, 1751543496.4734747, 1751543496.5641887, 1751543496.6558206, 1751543496.7467146, 1751543496.8368914, 1751543496.928427, 1751543497.0180502, 1751543497.1080496, 1751543497.2008612, 1751543497.292376, 1751543497.3838577, 1751543497.476365, 1751543497.5671124, 1751543497.6619794]"
1655,107,1548,"[1751543498.0448, 1751543498.1718962, 1751543498.1730206, 1751543498.3866255, 1751543498.4715407, 1751543498.5593235, 1751543498.6421409, 1751543498.7309442, 1751543498.817191, 1751543498.9082613, 1751543498.9994912, 1751543499.0902507, 1751543499.1814673, 1751543499.2727408, 1751543499.3636012, 1751543499.4543858, 1751543499.5463765, 1751543499.637802, 1751543499.7287843, 1751543499.8201358, 1751543499.9107943, 1751543500.0027566, 1751543500.092062, 1751543500.1830134, 1751543500.273923, 1751543500.3670697, 1751543500.4569144, 1751543500.546283, 1751543500.6381092, 1751543500.7281175, 1751543500.818422, 1751543500.9123344, 1751543501.0029607, 1751543501.0937798, 1751543501.184338]"
1303,136,1167,"[1751543501.5544157, 1751543501.6563067, 1751543501.65724, 1751543501.8532543, 1751543501.9403987, 1751543502.030624, 1751543502.122509, 1751543502.2146091, 1751543502.3045936, 1751543502.3960655, 1751543502.486593, 1751543502.5769007, 1751543502.668926, 1751543502.76053, 1751543502.8504143, 1751543502.941926, 1751543503.0338676, 1751543503.123575, 1751543503.2148721, 1751543503.3061407, 1751543503.3960342, 1751543503.4887614, 1751543503.5780256, 1751543503.6681168, 1751543503.7586384, 1751543503.8515131, 1751543503.9427292, 1751543504.0334916, 1751543504.1241837]"
3215,231,2984,"[1751543504.4675605, 1751543504.5650053, 1751543504.5661771, 1751543504.9457524, 1751543505.0339494, 1751543505.124346, 1751543505.215159, 1751543505.3063767, 1751543505.3970716, 1751543505.4899695, 1751543505.5799508, 1751543505.6707776, 1751543505.7625966, 1751543505.852192, 1751543505.9437273, 1751543506.0346284, 1751543506.125328, 1751543506.217088, 1751543506.3071356, 1751543506.395917, 1751543506.4884458, 1751543506.5809479, 1751543506.6710954, 1751543506.7632763, 1751543506.8539143, 1751543506.9459243, 1751543507.035723, 1751543507.1272433, 1751543507.2176235, 1751543507.309136, 1751543507.3987558, 1751543507.4916523, 1751543507.5823019, 1751543507.6739883, 1751543507.7651854, 1751543507.8567488, 1751543507.9487178, 1751543508.0413253, 1751543508.1352282, 1751543508.2285116, 1751543508.3219268, 1751543508.4132175, 1751543508.5095496, 1751543508.6051207, 1751543508.6960056, 1751543508.7914696, 1751543508.8865352, 1751543508.9854507, 1751543509.0817428, 1751543509.178961, 1751543509.2805414, 1751543509.3781765, 1751543509.4737487, 1751543509.5702739, 1751543509.667433, 1751543509.7637537, 1751543509.8588886, 1751543509.9580727, 1751543510.0540385, 1751543510.1516645, 1751543510.2518597, 1751543510.3586226, 1751543510.4549398, 1751543510.57196, 1751543510.6688478, 1751543510.7695596, 1751543510.868137, 1751543510.9705682, 1751543511.0697923, 1751543511.1685205, 1751543511.2652967, 1751543511.3673832, 1751543511.4676967, 1751543511.5684211, 1751543511.6690435, 1751543511.770306, 1751543511.8730063, 1751543511.9715946, 1751543512.0732555, 1751543512.1739786, 1751543512.27496, 1751543512.3773549, 1751543512.4781325, 1751543512.5791194, 1751543512.6842425, 1751543512.7829158, 1751543512.8838031, 1751543512.9833791, 1751543513.0873706, 1751543513.1866872, 1751543513.2872303, 1751543513.3899086, 1751543513.4908185, 1751543513.5914836]"
1855,281,1574,"[1751543513.9794064, 1751543514.0928862, 1751543514.0940852, 1751543514.2788863, 1751543514.3778276, 1751543514.4695096, 1751543514.5607283, 1751543514.650974, 1751543514.741614, 1751543514.832314, 1751543514.920971, 1751543515.0112581, 1751543515.0987318, 1751543515.1885557, 1751543515.2792857, 1751543515.370334, 1751543515.460795, 1751543515.5519319, 1751543515.6419828, 1751543515.7326381, 1751543515.8216577, 1751543515.9166098, 1751543516.006498, 1751543516.097743, 1751543516.188355, 1751543516.2796283, 1751543516.371049, 1751543516.4622128, 1751543516.552373, 1751543516.6442156, 1751543516.7346227, 1751543516.8266957, 1751543516.91704, 1751543517.008562, 1751543517.1006672, 1751543517.1934497, 1751543517.2890213, 1751543517.3993752, 1751543517.4929957, 1751543517.5878253, 1751543517.6807795, 1751543517.7841415, 1751543517.8786647, 1751543517.9743185, 1751543518.0684614, 1751543518.165987, 1751543518.2617486, 1751543518.3599803, 1751543518.4583879, 1751543518.5554137, 1751543518.649344, 1751543518.745357, 1751543518.84417, 1751543518.9441805, 1751543519.0448258, 1751543519.1460652, 1751543519.2469258, 1751543519.3495965, 1751543519.4498231, 1751543519.5502977, 1751543519.651065, 1751543519.7535124, 1751543519.8546205, 1751543519.9559207, 1751543520.056982, 1751543520.158836, 1751543520.260356, 1751543520.3605342, 1751543520.4630854, 1751543520.5611007, 1751543520.661913, 1751543520.7658782, 1751543520.8681176, 1751543520.9685776, 1751543521.0692513, 1751543521.1712184]"
2559,358,2201,"[1751543521.5660605, 1751543521.689449, 1751543521.690479, 1751543521.9697592, 1751543522.0597725, 1751543522.1511762, 1751543522.2412615, 1751543522.3326695, 1751543522.4233851, 1751543522.5149872, 1751543522.6058252, 1751543522.6976893, 1751543522.790351, 1751543522.8800528, 1751543522.971745, 1751543523.0629566, 1751543523.1526504, 1751543523.2438536, 1751543523.3337479, 1751543523.4250998, 1751543523.516475, 1751543523.6084871, 1751543523.6978655, 1751543523.788601, 1751543523.8795033, 1751543523.9693823, 1751543524.0626698, 1751543524.1526587, 1751543524.243396, 1751543524.3375237, 1751543524.4281752, 1751543524.5204456, 1751543524.6125555, 1751543524.707247, 1751543524.800124, 1751543524.8927991, 1751543524.9858472, 1751543525.0811546, 1751543525.1758955, 1751543525.272621, 1751543525.367772, 1751543525.465719, 1751543525.5639768, 1751543525.6675346, 1751543525.7724066, 1751543525.8691907, 1751543525.9648921, 1751543526.0609999, 1751543526.1602576, 1751543526.2589955, 1751543526.3538213, 1751543526.4519548, 1751543526.5464833, 1751543526.643486, 1751543526.7386327, 1751543526.839502, 1751543526.9413075, 1751543527.0424044, 1751543527.1434474, 1751543527.2456913, 1751543527.3469353, 1751543527.447723, 1751543527.545731, 1751543527.6428473, 1751543527.7424877, 1751543527.8436878, 1751543527.944886, 1751543528.0462089, 1751543528.147125, 1751543528.248891, 1751543528.350548, 1751543528.4533718, 1751543528.5534856, 1751543528.6553187, 1751543528.7590902, 1751543528.8581562, 1751543528.9604936]"
1479,116,1363,"[1751543529.391599, 1751543529.5014462, 1751543529.5026526, 1751543529.6886163, 1751543529.776959, 1751543529.8640296, 1751543529.9479532, 1751543530.0387385, 1751543530.1306636, 1751543530.2225718, 1751543530.3132923, 1751543530.4058619, 1751543530.4963028, 1751543530.5862672, 1751543530.6752625, 1751543530.7640038, 1751543530.851686, 1751543530.9410934, 1751543531.0318968, 1751543531.1230505, 1751543531.2134159, 1751543531.306149, 1751543531.3960927, 1751543531.4875667, 1751543531.5778563, 1751543531.6691866, 1751543531.76126, 1751543531.8515837, 1751543531.942486]"
2767,120,2647,"[1751543532.3408773, 1751543532.4423497, 1751543532.443528, 1751543532.8852048, 1751543532.9738224, 1751543533.0637767, 1751543533.1540663, 1751543533.2462306, 1751543533.336314, 1751543533.4275036, 1751543533.5154343, 1751543533.6083665, 1751543533.7009494, 1751543533.7924812, 1751543533.8825777]"
2127,182,1945,"[1751543534.26443, 1751543534.3832862, 1751543534.3844929, 1751543534.6311538, 1751543534.7211068, 1751543534.812743, 1751543534.903568, 1751543534.994017, 1751543535.0848258, 1751543535.1770506, 1751543535.2664747, 1751543535.357455, 1751543535.4467835, 1751543535.5387337, 1751543535.6303248, 1751543535.7209682, 1751543535.8128364, 1751543535.9040945, 1751543535.9948878, 1751543536.0841963, 1751543536.17449, 1751543536.2683089, 1751543536.3581808, 1751543536.44936, 1751543536.5401425, 1751543536.6313114, 1751543536.7219377, 1751543536.8124626, 1751543536.9050677, 1751543536.9952302, 1751543537.0848112, 1751543537.176866, 1751543537.2684262, 1751543537.3604136, 1751543537.4518266, 1751543537.544066, 1751543537.6383178]"
2095,324,1771,"[1751543538.0081034, 1751543538.1244216, 1751543538.1256185, 1751543538.3385804, 1751543538.4303217, 1751543538.5209877, 1751543538.61163, 1751543538.7026162, 1751543538.7934957, 1751543538.8851273, 1751543538.975665, 1751543539.0668485, 1751543539.158825, 1751543539.2493896, 1751543539.340919, 1751543539.4321308, 1751543539.522071, 1751543539.614037, 1751543539.7207732, 1751543539.8111072, 1751543539.9029343, 1751543539.997818, 1751543540.0878177, 1751543540.178985, 1751543540.2773383, 1751543540.374947, 1751543540.467381, 1751543540.5611932, 1751543540.6529546, 1751543540.7441328, 1751543540.8346145, 1751543540.9283977, 1751543541.0182834, 1751543541.1075711, 1751543541.2006605, 1751543541.2919114, 1751543541.384649, 1751543541.4791958, 1751543541.573794, 1751543541.666657, 1751543541.7582452, 1751543541.8561075, 1751543541.9507287, 1751543542.0469677, 1751543542.148036, 1751543542.2447288, 1751543542.3416882, 1751543542.4411907, 1751543542.5353758, 1751543542.6338747, 1751543542.7359488, 1751543542.8330255, 1751543542.926624, 1751543543.0233433, 1751543543.1207054, 1751543543.221087, 1751543543.3216236, 1751543543.4235134, 1751543543.5217276, 1751543543.6228013, 1751543543.7192762, 1751543543.8192017, 1751543543.9194205, 1751543544.020617, 1751543544.1222537, 1751543544.2237601, 1751543544.3246279, 1751543544.426102, 1751543544.5284083, 1751543544.6296625, 1751543544.7319067, 1751543544.832697, 1751543544.9337466, 1751543545.0378509, 1751543545.1389706, 1751543545.2377079, 1751543545.3386598, 1751543545.4401205, 1751543545.5405586]"
1831,168,1663,"[1751543545.9244344, 1751543546.0487316, 1751543546.0496652, 1751543546.279327, 1751543546.3676922, 1751543546.4602156, 1751543546.5507257, 1751543546.6419108, 1751543546.733079, 1751543546.8251739, 1751543546.9164126, 1751543547.0069213, 1751543547.0985572, 1751543547.189453, 1751543547.2799675, 1751543547.3704028, 1751543547.4623325, 1751543547.5522187, 1751543547.641801, 1751543547.732893, 1751543547.8231034, 1751543547.9154365, 1751543548.004942, 1751543548.0954168, 1751543548.1872878, 1751543548.2788644, 1751543548.3711884, 1751543548.4612749, 1751543548.5529797, 1751543548.6440902, 1751543548.735035, 1751543548.8261034, 1751543548.9148102, 1751543549.0053794, 1751543549.0986738]"
2151,250,1901,"[1751543549.4883854, 1751543549.615582, 1751543549.616781, 1751543549.846019, 1751543549.9351487, 1751543550.027549, 1751543550.1190896, 1751543550.2154453, 1751543550.2997386, 1751543550.3897748, 1751543550.4809067, 1751543550.5718215, 1751543550.6629555, 1751543550.7564738, 1751543550.8486106, 1751543550.939477, 1751543551.0312204, 1751543551.1187522, 1751543551.2122688, 1751543551.3057437, 1751543551.396445, 1751543551.4879217, 1751543551.5808961, 1751543551.6698632, 1751543551.760204, 1751543551.8518014, 1751543551.9430213, 1751543552.0335374, 1751543552.1244574, 1751543552.2143857, 1751543552.3043416, 1751543552.3959632, 1751543552.4878213, 1751543552.578532, 1751543552.6712537, 1751543552.7687418, 1751543552.8614988, 1751543552.960091, 1751543553.054055, 1751543553.148602, 1751543553.2383194, 1751543553.3323345, 1751543553.4240592, 1751543553.5180655, 1751543553.6155708, 1751543553.7130828, 1751543553.809623, 1751543553.9093883, 1751543554.004288, 1751543554.1029415, 1751543554.2036798, 1751543554.3036196, 1751543554.4067323, 1751543554.507419, 1751543554.6086378, 1751543554.7102432, 1751543554.811824, 1751543554.9126046, 1751543555.0133214, 1751543555.1148038, 1751543555.2166107, 1751543555.3180373, 1751543555.418487, 1751543555.518511]"
1415,260,1155,"[1751543555.9004152, 1751543555.9951127, 1751543555.996046, 1751543556.1507504, 1751543556.2359781, 1751543556.3268013, 1751543556.4182653, 1751543556.5081768, 1751543556.6019695, 1751543556.6934633, 1751543556.7817943, 1751543556.8739605, 1751543556.9663923, 1751543557.0570204, 1751543557.1486568, 1751543557.2404437, 1751543557.3317544, 1751543557.4234812, 1751543557.5135772, 1751543557.6046228, 1751543557.6948304, 1751543557.7860718, 1751543557.8766665, 1751543557.968346, 1751543558.0581028, 1751543558.150159, 1751543558.2401936, 1751543558.3302937, 1751543558.421622, 1751543558.5119214, 1751543558.6033638, 1751543558.6933804, 1751543558.784231, 1751543558.8773005, 1751543558.9687634, 1751543559.0617871, 1751543559.157796, 1751543559.2516088, 1751543559.346689, 1751543559.444439, 1751543559.5415642, 1751543559.6390338, 1751543559.7330616, 1751543559.8317704, 1751543559.9256911, 1751543560.0214996, 1751543560.1189244, 1751543560.22109, 1751543560.3150795, 1751543560.4132588, 1751543560.5126617, 1751543560.6089664, 1751543560.7061694, 1751543560.8034532, 1751543560.9000459, 1751543560.9995265, 1751543561.1003885]"
3087,161,2926,"[1751543561.5010762, 1751543561.6089907, 1751543561.6099942, 1751543562.0548255, 1751543562.1399124, 1751543562.2282736, 1751543562.3145962, 1751543562.4060543, 1751543562.4959579, 1751543562.587737, 1751543562.67879, 1751543562.7705257, 1751543562.8611479, 1751543562.9497216, 1751543563.0404034, 1751543563.1338222, 1751543563.226137, 1751543563.316721, 1751543563.407956, 1751543563.4987648, 1751543563.588434, 1751543563.6806376, 1751543563.7748706, 1751543563.8645077, 1751543563.9545562, 1751543564.0456254, 1751543564.1367455, 1751543564.227772, 1751543564.3184834, 1751543564.4089267, 1751543564.5129154]"
1799,126,1673,"[1751543564.8885942, 1751543565.015116, 1751543565.0162544, 1751543565.2564926, 1751543565.3481636, 1751543565.4392402, 1751543565.5292723, 1751543565.6205387, 1751543565.7113078, 1751543565.8016863, 1751543565.8889089, 1751543565.97623, 1751543566.067094, 1751543566.1581395, 1751543566.249069, 1751543566.340327, 1751543566.431033, 1751543566.5218875, 1751543566.6120698, 1751543566.7042406, 1751543566.7952821, 1751543566.8873134, 1751543566.9767923]"
2191,284,1907,"[1751543567.3698454, 1751543567.5031767, 1751543567.5043764, 1751543567.7351434, 1751543567.8247275, 1751543567.9158607, 1751543568.0065145, 1751543568.097574, 1751543568.1994724, 1751543568.2880247, 1751543568.3802223, 1751543568.471275, 1751543568.5628827, 1751543568.653344, 1751543568.7463014, 1751543568.8346763, 1751543568.9232407, 1751543569.0144126, 1751543569.107905, 1751543569.2001038, 1751543569.2896934, 1751543569.382583, 1751543569.4745283, 1751543569.5625312, 1751543569.6558714, 1751543569.7467217, 1751543569.8383505, 1751543569.9285405, 1751543570.0204809, 1751543570.1136384, 1751543570.2036061, 1751543570.303746, 1751543570.395855, 1751543570.4865677, 1751543570.5778306, 1751543570.669308, 1751543570.7612371, 1751543570.8604143, 1751543570.9502034, 1751543571.0418613, 1751543571.13363, 1751543571.230977, 1751543571.3258693, 1751543571.4220293, 1751543571.5195854, 1751543571.6133144, 1751543571.7106574, 1751543571.8083732, 1751543571.9037092, 1751543572.001554, 1751543572.099989, 1751543572.1945963, 1751543572.288155, 1751543572.3861587, 1751543572.488015, 1751543572.5896904, 1751543572.6888497, 1751543572.7900276, 1751543572.892129, 1751543572.9942093, 1751543573.0963311]"
2007,269,1738,"[1751543573.508599, 1751543573.6117024, 1751543573.612583, 1751543573.8454375, 1751543573.9348686, 1751543574.0261629, 1751543574.1170661, 1751543574.209066, 1751543574.2999632, 1751543574.39194, 1751543574.4836104, 1751543574.5745995, 1751543574.6630332, 1751543574.750495, 1751543574.8370724, 1751543574.9280236, 1751543575.0193427, 1751543575.1094122, 1751543575.1998224, 1751543575.292076, 1751543575.3806922, 1751543575.474958, 1751543575.5635846, 1751543575.656249, 1751543575.7464583, 1751543575.8381634, 1751543575.9287293, 1751543576.0197597, 1751543576.110463, 1751543576.2016873, 1751543576.2933972, 1751543576.386305, 1751543576.480638, 1751543576.5754623, 1751543576.6673656, 1751543576.7595894, 1751543576.8513622, 1751543576.947736, 1751543577.046217, 1751543577.1400664, 1751543577.2333205, 1751543577.327157, 1751543577.4187803, 1751543577.5229735, 1751543577.6156626, 1751543577.7123, 1751543577.8089733, 1751543577.9079137, 1751543578.0055542, 1751543578.101186, 1751543578.2015905, 1751543578.29942, 1751543578.3933923, 1751543578.4900148, 1751543578.5825508, 1751543578.6796315, 1751543578.7781374, 1751543578.878834, 1751543578.9798331, 1751543579.0807428, 1751543579.1804478, 1751543579.2838619, 1751543579.3853621, 1751543579.4867074, 1751543579.587186, 1751543579.6902878, 1751543579.7907984, 1751543579.8920853, 1751543579.993531, 1751543580.0955563]"
2103,259,1844,"[1751543580.5023525, 1751543580.6164873, 1751543580.617713, 1751543580.864472, 1751543580.9548662, 1751543581.0454407, 1751543581.1359468, 1751543581.2271795, 1751543581.3188112, 1751543581.4094236, 1751543581.4987829, 1751543581.5874865, 1751543581.6765878, 1751543581.7659028, 1751543581.8564134, 1751543581.9472466, 1751543582.038669, 1751543582.1293645, 1751543582.2177494, 1751543582.3088582, 1751543582.401693, 1751543582.4954836, 1751543582.5845368, 1751543582.6753027, 1751543582.7654757, 1751543582.857713, 1751543582.947701, 1751543583.0410187, 1751543583.1365774, 1751543583.2303905, 1751543583.322012, 1751543583.4165812, 1751543583.5092132, 1751543583.6038857, 1751543583.6959271, 1751543583.788275, 1751543583.8799279, 1751543583.9714813, 1751543584.0668252, 1751543584.1606512, 1751543584.256595, 1751543584.3514473, 1751543584.4524922, 1751543584.5488768, 1751543584.6423266, 1751543584.7365987, 1751543584.8311424, 1751543584.927031, 1751543585.0261488, 1751543585.1279726, 1751543585.224978, 1751543585.3214567, 1751543585.4208035, 1751543585.519747, 1751543585.6189559, 1751543585.7262032, 1751543585.825491, 1751543585.9276114, 1751543586.0270483, 1751543586.123153, 1751543586.218755, 1751543586.3214512, 1751543586.4209747]"
2111,112,1999,"[1751543586.8210628, 1751543586.9485524, 1751543586.9497554, 1751543587.202175, 1751543587.2914946, 1751543587.3830214, 1751543587.4732506, 1751543587.564435, 1751543587.6544394, 1751543587.7433982, 1751543587.8365843, 1751543587.9283772, 1751543588.0201166, 1751543588.11075, 1751543588.2012012]"
1255,145,1110,"[1751543588.5835063, 1751543588.6986759, 1751543588.6998696, 1751543588.882237, 1751543588.9711168, 1751543589.0619948, 1751543589.152627, 1751543589.2447906, 1751543589.3333244, 1751543589.4250484, 1751543589.5157793, 1751543589.6075602, 1751543589.6998887, 1751543589.789665, 1751543589.8793797, 1751543589.9666717, 1751543590.0609634, 1751543590.1535122, 1751543590.2441294, 1751543590.335815, 1751543590.4259148, 1751543590.518457, 1751543590.6080587, 1751543590.6987062, 1751543590.7869933, 1751543590.8803937, 1751543590.9725523, 1751543591.0634148]"
1511,111,1400,"[1751543591.4632356, 1751543591.56948, 1751543591.5704272, 1751543591.7904484, 1751543591.8817725, 1751543591.9733477, 1751543592.0630686, 1751543592.1556158, 1751543592.2461057, 1751543592.33778, 1751543592.4279537, 1751543592.5189977, 1751543592.6101856, 1751543592.7012303, 1751543592.7922442, 1751543592.8818944, 1751543592.9741943, 1751543593.0634687, 1751543593.1532412, 1751543593.2460506, 1751543593.3383563, 1751543593.4297616, 1751543593.5223167, 1751543593.612191, 1751543593.7026646, 1751543593.7933965, 1751543593.8827138, 1751543593.9753613, 1751543594.0664086]"
2711,285,2426,"[1751543594.450708, 1751543594.5477057, 1751543594.548861, 1751543594.909031, 1751543594.9975653, 1751543595.0884957, 1751543595.1786983, 1751543595.2700527, 1751543595.359473, 1751543595.452967, 1751543595.5443058, 1751543595.6348772, 1751543595.7269034, 1751543595.816095, 1751543595.9056208, 1751543595.9983504, 1751543596.0900004, 1751543596.1802185, 1751543596.270904, 1751543596.362803, 1751543596.451453, 1751543596.5449944, 1751543596.6344035, 1751543596.7265034, 1751543596.818122, 1751543596.9085436, 1751543596.998871, 1751543597.0904007, 1751543597.1817641, 1751543597.272835, 1751543597.363534, 1751543597.4557304, 1751543597.5474606, 1751543597.640651, 1751543597.7353764, 1751543597.8281794, 1751543597.9222312, 1751543598.0175257, 1751543598.1099815, 1751543598.208088, 1751543598.3023412, 1751543598.397575, 1751543598.4918602, 1751543598.5881217, 1751543598.6823199, 1751543598.7770412, 1751543598.8760533, 1751543598.973359, 1751543599.0687664, 1751543599.1687188, 1751543599.269631, 1751543599.369696, 1751543599.4656723, 1751543599.5652733, 1751543599.6659074, 1751543599.7677221, 1751543599.8692214, 1751543599.9698675, 1751543600.070032, 1751543600.1712704, 1751543600.2771878, 1751543600.378899, 1751543600.4776423, 1751543600.575529, 1751543600.6734357, 1751543600.7774792, 1751543600.881045, 1751543600.9805915, 1751543601.0806208, 1751543601.179178, 1751543601.282143, 1751543601.3862433, 1751543601.485736, 1751543601.5862856, 1751543601.6889746, 1751543601.8059816]"
3535,391,3144,"[1751543602.2006328, 1751543602.2927232, 1751543602.2937965, 1751543602.6597667, 1751543602.7493486, 1751543602.8404872, 1751543602.9307513, 1751543603.023211, 1751543603.1134176, 1751543603.204783, 1751543603.295264, 1751543603.3870487, 1751543603.4777222, 1751543603.568316, 1751543603.658253, 1751543603.7490065, 1751543603.8405137, 1751543603.9315362, 1751543604.0222628, 1751543604.114584, 1751543604.2045565, 1751543604.2963748, 1751543604.386836, 1751543604.4792979, 1751543604.5681574, 1751543604.6582913, 1751543604.750507, 1751543604.8404565, 1751543604.9321785, 1751543605.0238814, 1751543605.1149468, 1751543605.2072916, 1751543605.297615, 1751543605.3889377, 1751543605.4820821, 1751543605.5777063, 1751543605.6725082, 1751543605.7698636, 1751543605.863769, 1751543605.9563735, 1751543606.0526605, 1751543606.1499767, 1751543606.2458887, 1751543606.3447833, 1751543606.4457414, 1751543606.54275, 1751543606.639681, 1751543606.7380111, 1751543606.8354375, 1751543606.9308164, 1751543607.0309367, 1751543607.1330757, 1751543607.2339897, 1751543607.3343616, 1751543607.4355314, 1751543607.53722, 1751543607.637814, 1751543607.7369852, 1751543607.8363488, 1751543607.9332416, 1751543608.0314949, 1751543608.1337037, 1751543608.2329457, 1751543608.334279, 1751543608.434738, 1751543608.535578, 1751543608.6371813, 1751543608.7401693, 1751543608.8404331, 1751543608.9426615, 1751543609.042794, 1751543609.1444004, 1751543609.246293, 1751543609.3473516, 1751543609.4485683, 1751543609.5498064, 1751543609.6512933, 1751543609.7514322, 1751543609.8509986, 1751543609.952176, 1751543610.052542, 1751543610.1546617, 1751543610.2669, 1751543610.3672984, 1751543610.4755263, 1751543610.5782557, 1751543610.6798115, 1751543610.7815723, 1751543610.882569, 1751543610.9840298, 1751543611.08466, 1751543611.1868362, 1751543611.2878847, 1751543611.3907297, 1751543611.49316, 1751543611.6000772, 1751543611.7041109, 1751543611.81163, 1751543611.9176097, 1751543612.0233767, 1751543612.1322803, 1751543612.2411644, 1751543612.3466702, 1751543612.4539785, 1751543612.5599723, 1751543612.6647809, 1751543612.7704086, 1751543612.8797767, 1751543612.987224, 1751543613.0937011, 1751543613.2049534, 1751543613.3146093, 1751543613.4272726, 1751543613.535571, 1751543613.6415365, 1751543613.7525227, 1751543613.8625307, 1751543613.9735434, 1751543614.0848715, 1751543614.1960304, 1751543614.3064523, 1751543614.4187067, 1751543614.529962, 1751543614.6414742, 1751543614.752691, 1751543614.864577, 1751543614.9749174, 1751543615.08776, 1751543615.1970818, 1751543615.3084073, 1751543615.4226806, 1751543615.533302, 1751543615.643396, 1751543615.7659132, 1751543615.8765755, 1751543615.9933105, 1751543616.102947, 1751543616.2074432, 1751543616.3184252, 1751543616.4278076, 1751543616.5367982, 1751543616.646035, 1751543616.761538, 1751543616.871213, 1751543616.9806387, 1751543617.091484, 1751543617.2029212]"
1847,223,1624,"[1751543617.5920327, 1751543617.695508, 1751543617.6964138, 1751543617.938667, 1751543618.0321116, 1751543618.122091, 1751543618.2081437, 1751543618.2924027, 1751543618.3835807, 1751543618.4764528, 1751543618.5684214, 1751543618.6591647, 1751543618.7498608, 1751543618.8412485, 1751543618.932523, 1751543619.0242455, 1751543619.1156037, 1751543619.2072926, 1751543619.2977755, 1751543619.3892097, 1751543619.4799476, 1751543619.57211, 1751543619.6620762, 1751543619.7531867, 1751543619.844676, 1751543619.9397755, 1751543620.0302467, 1751543620.1201422, 1751543620.208058, 1751543620.2988975, 1751543620.3893552, 1751543620.4816065, 1751543620.5720017, 1751543620.6624742, 1751543620.7541199, 1751543620.8453538, 1751543620.937358, 1751543621.0292714, 1751543621.1241057, 1751543621.2201922, 1751543621.3174381, 1751543621.412878, 1751543621.5092502, 1751543621.6046126, 1751543621.700811, 1751543621.7974238, 1751543621.896286, 1751543621.991628, 1751543622.0878856, 1751543622.1874034, 1751543622.2853734, 1751543622.3830917, 1751543622.4797802, 1751543622.5959427, 1751543622.6952558, 1751543622.797513, 1751543622.897199, 1751543622.9990761, 1751543623.0984013]"
2431,98,2333,"[1751543623.4961822, 1751543623.5924459, 1751543623.5935931, 1751543623.9557934, 1751543624.042967, 1751543624.1333263, 1751543624.223076, 1751543624.313175, 1751543624.4047732, 1751543624.4920952, 1751543624.5803614, 1751543624.670025, 1751543624.7612143, 1751543624.8523998, 1751543624.9418135, 1751543625.0293138, 1751543625.1234858, 1751543625.215088, 1751543625.3067195, 1751543625.3977184, 1751543625.4885519, 1751543625.5817127, 1751543625.6714644]"
3271,403,2868,"[1751543626.052783, 1751543626.1515133, 1751543626.1527286, 1751543626.5126894, 1751543626.6004674, 1751543626.690352, 1751543626.7796624, 1751543626.8712842, 1751543626.9617298, 1751543627.051214, 1751543627.1434562, 1751543627.235458, 1751543627.3278131, 1751543627.4195316, 1751543627.5102015, 1751543627.6013737, 1751543627.692662, 1751543627.782596, 1751543627.8719466, 1751543627.961761, 1751543628.0547266, 1751543628.1478078, 1751543628.237285, 1751543628.3288808, 1751543628.4189837, 1751543628.5100079, 1751543628.6011777, 1751543628.6905437, 1751543628.7814605, 1751543628.8741565, 1751543628.9646869, 1751543629.0593894, 1751543629.1541312, 1751543629.2484496, 1751543629.3418465, 1751543629.4336174, 1751543629.5287726, 1751543629.6220942, 1751543629.7189128, 1751543629.8145273, 1751543629.9085853, 1751543630.005122, 1751543630.1003375, 1751543630.1958477, 1751543630.2982056, 1751543630.3917174, 1751543630.490038, 1751543630.5887163, 1751543630.684913, 1751543630.7828119, 1751543630.879199, 1751543630.975455, 1751543631.073097, 1751543631.1654453, 1751543631.261209, 1751543631.3589652, 1751543631.4599907, 1751543631.5598502, 1751543631.660173, 1751543631.7628539, 1751543631.8844342, 1751543631.9867144, 1751543632.087731, 1751543632.189275, 1751543632.2893138, 1751543632.3913476, 1751543632.4925508, 1751543632.5940342, 1751543632.6945267, 1751543632.795697, 1751543632.8926806, 1751543632.9921982, 1751543633.0893352, 1751543633.1897814, 1751543633.290996, 1751543633.392837, 1751543633.493879, 1751543633.5931373, 1751543633.6929483, 1751543633.7965128, 1751543633.898179, 1751543633.9991972, 1751543634.1008382, 1751543634.2013168, 1751543634.303105, 1751543634.4041045, 1751543634.506306, 1751543634.6069796, 1751543634.7078414, 1751543634.8084652, 1751543634.909903, 1751543635.0182874, 1751543635.123107, 1751543635.2260554, 1751543635.3256552, 1751543635.43044, 1751543635.5351522, 1751543635.6396806, 1751543635.7417212, 1751543635.8435044, 1751543635.945477, 1751543636.0497427, 1751543636.155392, 1751543636.2636142, 1751543636.3675954, 1751543636.4751797, 1751543636.5874739, 1751543636.6940732, 1751543636.7991028, 1751543636.9034846, 1751543637.0082242, 1751543637.1100497, 1751543637.2164743, 1751543637.3263893, 1751543637.4370182, 1751543637.564721, 1751543637.6711488, 1751543637.782558, 1751543637.891437, 1751543638.0040505, 1751543638.1152956, 1751543638.228975, 1751543638.3404284]"
1671,224,1447,"[1751543638.7499518, 1751543638.8675292, 1751543638.8685584, 1751543639.0473988, 1751543639.1392615, 1751543639.2316728, 1751543639.3211057, 1751543639.4086654, 1751543639.497686, 1751543639.585545, 1751543639.675117, 1751543639.7660656, 1751543639.8577702, 1751543639.9495726, 1751543640.0388958, 1751543640.130362, 1751543640.222373, 1751543640.313756, 1751543640.4046092, 1751543640.4954212, 1751543640.586899, 1751543640.6780207, 1751543640.7697673, 1751543640.8611772, 1751543640.9514427, 1751543641.04415, 1751543641.1331308, 1751543641.224481, 1751543641.318995, 1751543641.413642, 1751543641.5066493, 1751543641.5983436, 1751543641.6897078, 1751543641.7798479, 1751543641.8723354, 1751543641.9647875, 1751543642.0592515, 1751543642.1539638, 1751543642.2442482, 1751543642.3359196, 1751543642.4276388, 1751543642.5251875, 1751543642.6192212, 1751543642.719075, 1751543642.812087, 1751543642.906313, 1751543643.0018811, 1751543643.0965233, 1751543643.1923325, 1751543643.2894657, 1751543643.4023728, 1751543643.4988475, 1751543643.5986242, 1751543643.6993937, 1751543643.8001585]"
5047,793,4254,"[1751543644.2050872, 1751543644.3037221, 1751543644.3049424, 1751543644.82403, 1751543644.9128501, 1751543645.0046058, 1751543645.0951068, 1751543645.18609, 1751543645.2771835, 1751543645.369097, 1751543645.4577281, 1751543645.5495508, 1751543645.6415246, 1751543645.740766, 1751543645.8325229, 1751543645.9249015, 1751543646.0168066, 1751543646.102638, 1751543646.1899915, 1751543646.2812314, 1751543646.370183, 1751543646.463285, 1751543646.5530393, 1751543646.6441453, 1751543646.736019, 1751543646.825773, 1751543646.917335, 1751543647.0086298, 1751543647.097842, 1751543647.1897485, 1751543647.2812946, 1751543647.3734148, 1751543647.463968, 1751543647.5535712, 1751543647.6438692, 1751543647.7351003, 1751543647.8255694, 1751543647.9138298, 1751543648.0075352, 1751543648.1002195, 1751543648.1892467, 1751543648.2836618, 1751543648.3793619, 1751543648.4750743, 1751543648.5709717, 1751543648.6676223, 1751543648.7617927, 1751543648.8553364, 1751543648.9482555, 1751543649.0456314, 1751543649.1430674, 1751543649.2406697, 1751543649.3400416, 1751543649.440904, 1751543649.5426702, 1751543649.6401217, 1751543649.7364814, 1751543649.8360903, 1751543649.9361749, 1751543650.0379083, 1751543650.1387796, 1751543650.2411284, 1751543650.340834, 1751543650.4419978, 1751543650.5424867, 1751543650.6441755, 1751543650.7461786, 1751543650.8465438, 1751543650.9467854, 1751543651.0491774, 1751543651.1479816, 1751543651.2488728, 1751543651.34746, 1751543651.4494991, 1751543651.5520952, 1751543651.6550024, 1751543651.7557614, 1751543651.858108, 1751543651.9587502, 1751543652.058858, 1751543652.1581583, 1751543652.2617836, 1751543652.3625457, 1751543652.4648259, 1751543652.5685146, 1751543652.6664, 1751543652.7681901, 1751543652.86961, 1751543652.9708078, 1751543653.0718856, 1751543653.1732461, 1751543653.2745566, 1751543653.3773298, 1751543653.4778469, 1751543653.5962305, 1751543653.69985, 1751543653.807825, 1751543653.91227, 1751543654.0166922, 1751543654.1230521, 1751543654.2263477, 1751543654.3236651, 1751543654.4296222, 1751543654.5357745, 1751543654.6430106, 1751543654.7445168, 1751543654.8499703, 1751543654.9602118, 1751543655.0718987, 1751543655.1783986, 1751543655.2850735, 1751543655.3964322, 1751543655.5065656, 1751543655.618013, 1751543655.7295232, 1751543655.8390014, 1751543655.946766, 1751543656.0545058, 1751543656.1641867, 1751543656.2755585, 1751543656.3868053, 1751543656.4988625, 1751543656.6102955, 1751543656.7208316, 1751543656.8319716, 1751543656.9416993, 1751543657.055412, 1751543657.1662116, 1751543657.277456, 1751543657.3891222, 1751543657.5006757, 1751543657.6132112, 1751543657.7225707, 1751543657.8443694, 1751543657.95508, 1751543658.0677795, 1751543658.1791494, 1751543658.289811, 1751543658.4013774, 1751543658.5106206, 1751543658.6205404, 1751543658.7348042, 1751543658.8456588, 1751543658.9566057, 1751543659.0685592, 1751543659.1825795, 1751543659.297831, 1751543659.4111931, 1751543659.5217414, 1751543659.631626, 1751543659.74475, 1751543659.8576727, 1751543659.9722254, 1751543660.088118, 1751543660.2019286, 1751543660.333388, 1751543660.4469564, 1751543660.5612738, 1751543660.6808488, 1751543660.8087707, 1751543660.92509, 1751543661.047366, 1751543661.1623955, 1751543661.279313, 1751543661.3931925, 1751543661.5098343, 1751543661.6281712, 1751543661.7434275, 1751543661.8615224, 1751543661.9780445, 1751543662.0957475, 1751543662.2135918, 1751543662.330104, 1751543662.4461813, 1751543662.5635228, 1751543662.6840453, 1751543662.8047523, 1751543662.9253633, 1751543663.0465872, 1751543663.1680977, 1751543663.2904391, 1751543663.4113634, 1751543663.5321336, 1751543663.6534307, 1751543663.7750044, 1751543663.897923, 1751543664.018083, 1751543664.1397946, 1751543664.2793043, 1751543664.4030812, 1751543664.524044, 1751543664.6470988, 1751543664.7669928, 1751543664.889308, 1751543665.0102577, 1751543665.1308064, 1751543665.2524269, 1751543665.3720977, 1751543665.4936047, 1751543665.615651, 1751543665.7378347, 1751543665.858454, 1751543665.9782639]"
2743,363,2380,"[1751543666.4048593, 1751543666.4996645, 1751543666.5008218, 1751543666.8727534, 1751543666.9584947, 1751543667.05061, 1751543667.1408923, 1751543667.2319992, 1751543667.322745, 1751543667.4143715, 1751543667.5050485, 1751543667.5959237, 1751543667.6876962, 1751543667.7769544, 1751543667.8669672, 1751543667.9588747, 1751543668.0506806, 1751543668.1395824, 1751543668.231091, 1751543668.3231082, 1751543668.4144106, 1751543668.5063272, 1751543668.595803, 1751543668.6875062, 1751543668.7780077, 1751543668.868837, 1751543668.9606578, 1751543669.0525393, 1751543669.143287, 1751543669.234297, 1751543669.3255212, 1751543669.4172244, 1751543669.5083237, 1751543669.600854, 1751543669.6934462, 1751543669.7899268, 1751543669.8857377, 1751543669.980164, 1751543670.0764484, 1751543670.172485, 1751543670.2662027, 1751543670.3651302, 1751543670.4611776, 1751543670.5574949, 1751543670.6560383, 1751543670.749839, 1751543670.8445926, 1751543670.940704, 1751543671.0403435, 1751543671.138424, 1751543671.2355664, 1751543671.3354738, 1751543671.4337392, 1751543671.5323052, 1751543671.628667, 1751543671.7285383, 1751543671.8292718, 1751543671.9311635, 1751543672.032272, 1751543672.1328378, 1751543672.2342708, 1751543672.3355684, 1751543672.437059, 1751543672.5375018, 1751543672.6381967, 1751543672.7408967, 1751543672.8421962, 1751543672.9413211, 1751543673.0428426, 1751543673.1441724, 1751543673.2454298, 1751543673.3481772, 1751543673.4495757, 1751543673.5505884, 1751543673.6521666, 1751543673.7532206]"
1143,225,918,"[1751543674.1573365, 1751543674.251932, 1751543674.2531056, 1751543674.4196818, 1751543674.5278249, 1751543674.6174755, 1751543674.7036755, 1751543674.7898693, 1751543674.8804884, 1751543674.97402, 1751543675.0651498, 1751543675.1562965, 1751543675.2468963, 1751543675.3375132, 1751543675.4271617, 1751543675.5173619, 1751543675.6054764, 1751543675.705091, 1751543675.7923603, 1751543675.8833652, 1751543675.9734147, 1751543676.0653427, 1751543676.151208, 1751543676.2427278, 1751543676.3378913, 1751543676.4289103, 1751543676.5207322, 1751543676.6117396, 1751543676.7021635, 1751543676.795595, 1751543676.8914418, 1751543676.9841707, 1751543677.0753264, 1751543677.1661596, 1751543677.2608848, 1751543677.355477, 1751543677.450068, 1751543677.5391927, 1751543677.6311662, 1751543677.722477]"
1455,55,1400,"[1751543678.1036582, 1751543678.208531, 1751543678.209429, 1751543678.433874, 1751543678.5209186, 1751543678.6104412, 1751543678.700909, 1751543678.7931504, 1751543678.8835585, 1751543678.9757807, 1751543679.0662909, 1751543679.1583948, 1751543679.2491777, 1751543679.340846, 1751543679.4310906, 1751543679.5227115, 1751543679.6147888]"
1687,160,1527,"[1751543680.001306, 1751543680.1170974, 1751543680.1177423, 1751543680.3260815, 1751543680.4123278, 1751543680.50158, 1751543680.59241, 1751543680.680397, 1751543680.7649179, 1751543680.8562825, 1751543680.9471998, 1751543681.038894, 1751543681.130568, 1751543681.2215698, 1751543681.3124058, 1751543681.4023058, 1751543681.4911866, 1751543681.5814073, 1751543681.6664414, 1751543681.7574701, 1751543681.84905, 1751543681.940189]"
1607,125,1482,"[1751543682.3114033, 1751543682.415088, 1751543682.416024, 1751543682.6391315, 1751543682.7285933, 1751543682.819599, 1751543682.909841, 1751543683.0017254, 1751543683.093245, 1751543683.1856983, 1751543683.2755277, 1751543683.3674157, 1751543683.4579144, 1751543683.5482662, 1751543683.6378572, 1751543683.7287073, 1751543683.8212667, 1751543683.911845, 1751543684.002886, 1751543684.0949748, 1751543684.1853218, 1751543684.2770462, 1751543684.3673847, 1751543684.458717, 1751543684.5498679, 1751543684.6411614, 1751543684.741475, 1751543684.8334153, 1751543684.9319808, 1751543685.0262873, 1751543685.1168678, 1751543685.2083507]"
1399,140,1259,"[1751543685.5911963, 1751543685.7015607, 1751543685.70278, 1751543685.8859832, 1751543685.9754045, 1751543686.0665221, 1751543686.156951, 1751543686.2476883, 1751543686.3348742, 1751543686.4224265, 1751543686.5115426, 1751543686.6032937, 1751543686.6951237, 1751543686.7862868, 1751543686.8775675, 1751543686.9677463, 1751543687.056988, 1751543687.1498132, 1751543687.240309, 1751543687.332953, 1751543687.4246123, 1751543687.517158, 1751543687.607173, 1751543687.699181, 1751543687.7893424, 1751543687.8809347, 1751543687.9718819, 1751543688.0632784, 1751543688.1538115, 1751543688.24552, 1751543688.3371708, 1751543688.4282045, 1751543688.525207, 1751543688.6199539, 1751543688.713029, 1751543688.806375, 1751543688.901078, 1751543688.9908469, 1751543689.085927, 1751543689.1829364]"
2063,393,1670,"[1751543689.5597355, 1751543689.6762645, 1751543689.677448, 1751543689.8928604, 1751543689.982853, 1751543690.072547, 1751543690.1642761, 1751543690.2589169, 1751543690.3604512, 1751543690.4493008, 1751543690.5400398, 1751543690.6305566, 1751543690.7234225, 1751543690.8132703, 1751543690.9041004, 1751543690.9937024, 1751543691.082379, 1751543691.174149, 1751543691.2655044, 1751543691.357524, 1751543691.4494925, 1751543691.5383992, 1751543691.6288366, 1751543691.7220552, 1751543691.8129556, 1751543691.9054399, 1751543691.9945674, 1751543692.085978, 1751543692.1769903, 1751543692.267974, 1751543692.3608167, 1751543692.451151, 1751543692.5543153, 1751543692.6503468, 1751543692.7433493, 1751543692.8534544, 1751543692.94607, 1751543693.0375912, 1751543693.1354737, 1751543693.2295742, 1751543693.32371, 1751543693.4184005, 1751543693.520163, 1751543693.614881, 1751543693.712307, 1751543693.808159, 1751543693.9050112, 1751543694.0033274, 1751543694.0992455, 1751543694.1986303, 1751543694.2979317, 1751543694.3941221, 1751543694.4924924, 1751543694.5926275, 1751543694.693717, 1751543694.7954793, 1751543694.895873, 1751543694.997948, 1751543695.0976288, 1751543695.1983283, 1751543695.3012018, 1751543695.4022858, 1751543695.503121, 1751543695.604465, 1751543695.7060037, 1751543695.806685, 1751543695.904922, 1751543696.0015726, 1751543696.1014948, 1751543696.2029195, 1751543696.3043158, 1751543696.4051406, 1751543696.508075, 1751543696.6089358, 1751543696.7100482, 1751543696.8123555, 1751543696.9116986, 1751543697.0133507, 1751543697.1143372, 1751543697.2156966, 1751543697.317689, 1751543697.4179416, 1751543697.5186934, 1751543697.6368513, 1751543697.7404325, 1751543697.8420389, 1751543697.9439473, 1751543698.0464406]"
1823,102,1721,"[1751543698.4255927, 1751543698.5348961, 1751543698.5360756, 1751543698.7656262, 1751543698.8537195, 1751543698.94659, 1751543699.0360994, 1751543699.127446, 1751543699.218635, 1751543699.3120172, 1751543699.4027991, 1751543699.4942982, 1751543699.585278, 1751543699.675794, 1751543699.7669792, 1751543699.8582385, 1751543699.9496062, 1751543700.0408325, 1751543700.1300316, 1751543700.2219787, 1751543700.3130038, 1751543700.4033802, 1751543700.495671, 1751543700.5870664, 1751543700.6781068, 1751543700.7698083, 1751543700.8608615, 1751543700.950472, 1751543701.0412726, 1751543701.1323283, 1751543701.2251017, 1751543701.3166413, 1751543701.406361, 1751543701.4987938, 1751543701.5886045, 1751543701.6792924, 1751543701.7734413, 1751543701.8663301, 1751543701.9610293, 1751543702.0602198, 1751543702.1555645, 1751543702.2510097, 1751543702.346901, 1751543702.4401455, 1751543702.536912, 1751543702.6334765, 1751543702.730728, 1751543702.8323622, 1751543702.9304774, 1751543703.0260718, 1751543703.124416, 1751543703.2227726, 1751543703.3173113, 1751543703.4165173, 1751543703.5127187]"
1495,367,1128,"[1751543703.894811, 1751543703.984155, 1751543703.9850183, 1751543704.1565526, 1751543704.2466085, 1751543704.3385415, 1751543704.4301686, 1751543704.521634, 1751543704.6131325, 1751543704.7060032, 1751543704.7960222, 1751543704.8863177, 1751543704.976933, 1751543705.069149, 1751543705.159615, 1751543705.2509298, 1751543705.3424864, 1751543705.432106, 1751543705.52192, 1751543705.6120756, 1751543705.714013, 1751543705.8070557, 1751543705.8973029, 1751543705.9883127, 1751543706.0773404, 1751543706.1643834, 1751543706.2588854, 1751543706.3533797, 1751543706.448077, 1751543706.5427032, 1751543706.6359332, 1751543706.7303078, 1751543706.8302197, 1751543706.922868, 1751543707.0176237, 1751543707.112185, 1751543707.2093565, 1751543707.3071103, 1751543707.4022703, 1751543707.4989693, 1751543707.5940104, 1751543707.6894693, 1751543707.784574, 1751543707.8852234, 1751543707.9785724, 1751543708.0722418, 1751543708.1681135, 1751543708.2619832, 1751543708.3607712, 1751543708.4601033, 1751543708.5567286, 1751543708.6548073, 1751543708.7550342, 1751543708.8574057, 1751543708.957022, 1751543709.0595438, 1751543709.1588066, 1751543709.2603614, 1751543709.3617542, 1751543709.4607737, 1751543709.558516, 1751543709.657676, 1751543709.7571867, 1751543709.8583324, 1751543709.9597027, 1751543710.0606022, 1751543710.1618547, 1751543710.2633493, 1751543710.3640628, 1751543710.465118, 1751543710.5678964, 1751543710.6674159, 1751543710.7683818, 1751543710.870507, 1751543710.9710755, 1751543711.072928, 1751543711.1724927, 1751543711.274378]"
1295,161,1134,"[1751543711.689102, 1751543711.790242, 1751543711.791424, 1751543711.941213, 1751543712.0300348, 1751543712.121004, 1751543712.211206, 1751543712.3039758, 1751543712.3941445, 1751543712.4859624, 1751543712.57524, 1751543712.6656768, 1751543712.75766, 1751543712.8492508, 1751543712.9396074, 1751543713.0307846, 1751543713.1232727, 1751543713.2133458, 1751543713.3036861, 1751543713.3946757, 1751543713.4862106, 1751543713.5786994, 1751543713.668097, 1751543713.7594106, 1751543713.8499122, 1751543713.9414587, 1751543714.0327418, 1751543714.1225762, 1751543714.2128341, 1751543714.3030462, 1751543714.394267, 1751543714.4879572, 1751543714.5776289, 1751543714.667861, 1751543714.75948]"
1335,119,1216,"[1751543715.1467204, 1751543715.2545948, 1751543715.2557971, 1751543715.459741, 1751543715.5475948, 1751543715.6386347, 1751543715.7301326, 1751543715.8212087, 1751543715.9228835, 1751543716.012756, 1751543716.1036885, 1751543716.195304, 1751543716.2863362, 1751543716.3766935, 1751543716.4688845, 1751543716.5581412, 1751543716.6491952, 1751543716.739157, 1751543716.8318505, 1751543716.923421, 1751543717.0144517, 1751543717.1057072, 1751543717.1970232, 1751543717.2876859, 1751543717.379104, 1751543717.4692445, 1751543717.5590634, 1751543717.6496632, 1751543717.7428472]"
2727,351,2376,"[1751543718.1322715, 1751543718.2612977, 1751543718.2620285, 1751543718.5325923, 1751543718.6223235, 1751543718.713814, 1751543718.8040383, 1751543718.8949926, 1751543718.9856298, 1751543719.0774353, 1751543719.168666, 1751543719.2607605, 1751543719.3520906, 1751543719.4417534, 1751543719.5324032, 1751543719.624628, 1751543719.7169852, 1751543719.806134, 1751543719.8964977, 1751543719.9853554, 1751543720.078988, 1751543720.1701577, 1751543720.264311, 1751543720.361244, 1751543720.4537203, 1751543720.5439196, 1751543720.6337004, 1751543720.7262459, 1751543720.8190453, 1751543720.9102871, 1751543721.0012746, 1751543721.091458, 1751543721.1812706, 1751543721.2720222, 1751543721.36311, 1751543721.4569514, 1751543721.5521784, 1751543721.6465015, 1751543721.7402782, 1751543721.8356335, 1751543721.9303267, 1751543722.0282903, 1751543722.1240914, 1751543722.220482, 1751543722.3198717, 1751543722.420124, 1751543722.5145435, 1751543722.6083367, 1751543722.7052279, 1751543722.8024328, 1751543722.897034, 1751543723.0121737, 1751543723.1093712, 1751543723.209704, 1751543723.3105779, 1751543723.4124773, 1751543723.5140698, 1751543723.61448, 1751543723.714775, 1751543723.809312, 1751543723.9100044, 1751543724.0096936, 1751543724.1109238, 1751543724.2126396, 1751543724.3141153, 1751543724.4162338, 1751543724.516365, 1751543724.6178389, 1751543724.7196684, 1751543724.821206, 1751543724.9236705, 1751543725.0241694, 1751543725.1246064, 1751543725.2241745, 1751543725.326432, 1751543725.4276495, 1751543725.5284107, 1751543725.627611, 1751543725.7293148, 1751543725.8309717, 1751543725.9298866, 1751543726.0272005, 1751543726.1269002, 1751543726.2230268, 1751543726.3249388, 1751543726.428385, 1751543726.534887, 1751543726.6405013, 1751543726.7417395, 1751543726.8413553, 1751543726.9423947, 1751543727.041174, 1751543727.1457496, 1751543727.2486289, 1751543727.3512428]"
1951,206,1745,"[1751543727.7585566, 1751543727.8860986, 1751543727.8872886, 1751543728.1337576, 1751543728.227563, 1751543728.3201458, 1751543728.4109228, 1751543728.5024369, 1751543728.5929298, 1751543728.6853812, 1751543728.775579, 1751543728.8680525, 1751543728.9598787, 1751543729.049994, 1751543729.1405106, 1751543729.2308466, 1751543729.3205123, 1751543729.4079168, 1751543729.4944983, 1751543729.5855684, 1751543729.6770246, 1751543729.7681096, 1751543729.8584626, 1751543729.9502177, 1751543730.04111, 1751543730.132352, 1751543730.2226846, 1751543730.3124976, 1751543730.4045374, 1751543730.4960134, 1751543730.587214, 1751543730.6785703, 1751543730.7696006, 1751543730.860358, 1751543730.9508605, 1751543731.0444334, 1751543731.1411834, 1751543731.2347615, 1751543731.3277721, 1751543731.4263556, 1751543731.5208552, 1751543731.617623, 1751543731.7118387]"
2095,345,1750,"[1751543732.1229558, 1751543732.2489645, 1751543732.2497432, 1751543732.4495935, 1751543732.5364823, 1751543732.628103, 1751543732.7155058, 1751543732.802241, 1751543732.8922002, 1751543732.9846125, 1751543733.0758321, 1751543733.1665995, 1751543733.257474, 1751543733.3482249, 1751543733.4387083, 1751543733.5305235, 1751543733.620219, 1751543733.7105103, 1751543733.8004932, 1751543733.8884547, 1751543733.9817457, 1751543734.076805, 1751543734.1670098, 1751543734.2583523, 1751543734.3492274, 1751543734.4410439, 1751543734.5326104, 1751543734.6230059, 1751543734.713402, 1751543734.8035543, 1751543734.8948112, 1751543734.9888647, 1751543735.085764, 1751543735.182333, 1751543735.2782485, 1751543735.3728921, 1751543735.4666016, 1751543735.5620532, 1751543735.6592703, 1751543735.7603164, 1751543735.8550644, 1751543735.950993, 1751543736.0466003, 1751543736.141695, 1751543736.2359953, 1751543736.3288076, 1751543736.4245636, 1751543736.5220273, 1751543736.6233227, 1751543736.727043, 1751543736.8231761, 1751543736.9204524, 1751543737.0175874, 1751543737.1128538, 1751543737.2107344, 1751543737.3114672, 1751543737.4147167, 1751543737.514741, 1751543737.6160557, 1751543737.7239878, 1751543737.8218527, 1751543737.921934, 1751543738.022163, 1751543738.1250196, 1751543738.2227252, 1751543738.3215702, 1751543738.418095, 1751543738.5174773, 1751543738.6186109, 1751543738.7191682, 1751543738.8216727, 1751543738.9236774, 1751543739.0248697, 1751543739.1244113, 1751543739.2291028, 1751543739.3296824, 1751543739.4301271, 1751543739.5313098, 1751543739.6337364, 1751543739.7329097, 1751543739.8342667, 1751543739.935843, 1751543740.037034]"
1727,143,1584,"[1751543740.451283, 1751543740.572158, 1751543740.5733159, 1751543740.7995148, 1751543740.886487, 1751543740.9772263, 1751543741.0660515, 1751543741.155941, 1751543741.2448652, 1751543741.3326652, 1751543741.4224768, 1751543741.5133264, 1751543741.6052706, 1751543741.6961596, 1751543741.7859287, 1751543741.8764408, 1751543741.968198, 1751543742.0599742, 1751543742.1514103, 1751543742.2417936, 1751543742.33066, 1751543742.4212444, 1751543742.5143905, 1751543742.6066806, 1751543742.6984386, 1751543742.7903454, 1751543742.88112, 1751543742.9716763, 1751543743.0625784]"
1367,97,1270,"[1751543743.418084, 1751543743.5291936, 1751543743.5305123, 1751543743.7129045, 1751543743.8001091, 1751543743.8921509, 1751543743.9832695, 1751543744.0745344, 1751543744.1643794, 1751543744.254996, 1751543744.3458033, 1751543744.4376748, 1751543744.5290976, 1751543744.6196866, 1751543744.7104602, 1751543744.8004987, 1751543744.8918684, 1751543744.9841475, 1751543745.075032, 1751543745.1668468, 1751543745.2591422, 1751543745.351317, 1751543745.440988, 1751543745.5325496]"
1551,165,1386,"[1751543745.8968835, 1751543746.0044038, 1751543746.0055914, 1751543746.1948106, 1751543746.284676, 1751543746.3795288, 1751543746.4722486, 1751543746.5633895, 1751543746.6533186, 1751543746.7475128, 1751543746.8368392, 1751543746.9289653, 1751543747.0285454, 1751543747.1190357, 1751543747.2094445, 1751543747.3011076, 1751543747.3939795, 1751543747.4832854, 1751543747.576554, 1751543747.6679358, 1751543747.7586098, 1751543747.8503938, 1751543747.9408433, 1751543748.0327103, 1751543748.123202, 1751543748.2145183, 1751543748.3061304, 1751543748.3966055, 1751543748.4877152, 1751543748.5779824, 1751543748.6693687, 1751543748.765106, 1751543748.8595254, 1751543748.952729, 1751543749.044819, 1751543749.1372044, 1751543749.2282178, 1751543749.3194964, 1751543749.4151273, 1751543749.5117373, 1751543749.6075106, 1751543749.7036088, 1751543749.7999916]"
2375,565,1810,"[1751543750.178415, 1751543750.3111167, 1751543750.3123405, 1751543750.5559082, 1751543750.6429894, 1751543750.7335079, 1751543750.8240304, 1751543750.9156384, 1751543751.00611, 1751543751.096468, 1751543751.186696, 1751543751.2788458, 1751543751.369928, 1751543751.4613845, 1751543751.551221, 1751543751.6433146, 1751543751.7346098, 1751543751.8248172, 1751543751.9155915, 1751543752.0069816, 1751543752.0972943, 1751543752.1884243, 1751543752.2804117, 1751543752.3701549, 1751543752.4605367, 1751543752.5534978, 1751543752.642565, 1751543752.733089, 1751543752.8251522, 1751543752.916575, 1751543753.0144143, 1751543753.108269, 1751543753.1995487, 1751543753.293568, 1751543753.3852618, 1751543753.4799964, 1751543753.572991, 1751543753.6655552, 1751543753.7578163, 1751543753.8535473, 1751543753.948625, 1751543754.0420797, 1751543754.1369696, 1751543754.2317576, 1751543754.3260863, 1751543754.4240632, 1751543754.5183632, 1751543754.614268, 1751543754.7133996, 1751543754.810247, 1751543754.908388, 1751543755.008286, 1751543755.1085012, 1751543755.2075024, 1751543755.3023498, 1751543755.4033027, 1751543755.502048, 1751543755.5961318, 1751543755.6917584, 1751543755.789275, 1751543755.8910031, 1751543755.9916117, 1751543756.0925198, 1751543756.1927123, 1751543756.2910638, 1751543756.3879511, 1751543756.4867163, 1751543756.5863702, 1751543756.6837015, 1751543756.7816262, 1751543756.883127, 1751543756.9829264, 1751543757.0837898, 1751543757.1853054, 1751543757.286496, 1751543757.3891187, 1751543757.4877121, 1751543757.590319, 1751543757.6907406, 1751543757.793078, 1751543757.8946378, 1751543757.9933448, 1751543758.0953012, 1751543758.1984677, 1751543758.2973032, 1751543758.3988538, 1751543758.4993854, 1751543758.6004894, 1751543758.7017875, 1751543758.8050473, 1751543758.9119992, 1751543759.0185447, 1751543759.1240783, 1751543759.2265835, 1751543759.3287842, 1751543759.4304943, 1751543759.532988, 1751543759.6377845, 1751543759.7433255, 1751543759.847681]"
2863,416,2447,"[1751543760.2300775, 1751543760.3539279, 1751543760.3552969, 1751543760.6167495, 1751543760.703522, 1751543760.792836, 1751543760.8822486, 1751543760.9750493, 1751543761.0662947, 1751543761.1581254, 1751543761.2482936, 1751543761.3396254, 1751543761.430768, 1751543761.5216784, 1751543761.6121223, 1751543761.703782, 1751543761.795, 1751543761.8861845, 1751543761.975071, 1751543762.06616, 1751543762.157017, 1751543762.2475777, 1751543762.337658, 1751543762.4302874, 1751543762.5201979, 1751543762.612079, 1751543762.7021365, 1751543762.7933502, 1751543762.8829727, 1751543762.9738698, 1751543763.0665107, 1751543763.1573815, 1751543763.248409, 1751543763.339583, 1751543763.4304414, 1751543763.5235727, 1751543763.6163154, 1751543763.7116861, 1751543763.8048346, 1751543763.8987174, 1751543763.995207, 1751543764.0910811, 1751543764.1861305, 1751543764.2826827, 1751543764.3800957, 1751543764.4789891, 1751543764.5762112, 1751543764.6727989, 1751543764.7714727, 1751543764.8668766, 1751543764.9623446, 1751543765.0565462, 1751543765.1515126, 1751543765.2489288, 1751543765.3512325, 1751543765.4508474, 1751543765.5512764, 1751543765.6487436, 1751543765.7592561, 1751543765.857561, 1751543765.9566014, 1751543766.0581236, 1751543766.1548972, 1751543766.2514746, 1751543766.3510857, 1751543766.4538887, 1751543766.5538821, 1751543766.6550126, 1751543766.7556283, 1751543766.8569672, 1751543766.9598265, 1751543767.060311, 1751543767.1608977, 1751543767.2624314, 1751543767.36489, 1751543767.4623065, 1751543767.5658066, 1751543767.6643326, 1751543767.7804759, 1751543767.878411, 1751543767.9797316, 1751543768.081748, 1751543768.1823714, 1751543768.279701, 1751543768.3842864, 1751543768.486243, 1751543768.5875654, 1751543768.6877666, 1751543768.7879717, 1751543768.8931103, 1751543768.9979265, 1751543769.1031325, 1751543769.2057955, 1751543769.3077545, 1751543769.4134376, 1751543769.5151381, 1751543769.6179852, 1751543769.7188368, 1751543769.8245537, 1751543769.930091, 1751543770.0345476, 1751543770.1388388, 1751543770.2430892, 1751543770.346588, 1751543770.4554315, 1751543770.5623057, 1751543770.6692429, 1751543770.7778087, 1751543770.8890276, 1751543770.9979393, 1751543771.1055806, 1751543771.2144606, 1751543771.3236578, 1751543771.4342735, 1751543771.5456169]"
1975,144,1831,"[1751543771.9486864, 1751543772.078418, 1751543772.0798914, 1751543772.3162105, 1751543772.4054968, 1751543772.4965525, 1751543772.5862305, 1751543772.67804, 1751543772.770626, 1751543772.8615587, 1751543772.9518914, 1751543773.042705, 1751543773.1345618, 1751543773.2258177, 1751543773.3166225, 1751543773.4085774, 1751543773.500223, 1751543773.5906925, 1751543773.6812904, 1751543773.772481, 1751543773.8634145, 1751543773.9541035, 1751543774.044743, 1751543774.137456, 1751543774.2282321, 1751543774.318341, 1751543774.408354, 1751543774.5001433]"
1407,312,1095,"[1751543774.8705547, 1751543774.9629402, 1751543774.9638512, 1751543775.1276395, 1751543775.217324, 1751543775.3037395, 1751543775.3889194, 1751543775.4798357, 1751543775.570833, 1751543775.6644619, 1751543775.7539222, 1751543775.8452353, 1751543775.9366643, 1751543776.0279174, 1751543776.1202514, 1751543776.2097793, 1751543776.3006685, 1751543776.392162, 1751543776.48203, 1751543776.5738606, 1751543776.6631637, 1751543776.7587426, 1751543776.8470933, 1751543776.9388182, 1751543777.0284915, 1751543777.1199322, 1751543777.2114234, 1751543777.300945, 1751543777.3913083, 1751543777.4800882, 1751543777.5722177, 1751543777.6661775, 1751543777.7564876, 1751543777.8479912, 1751543777.9441779, 1751543778.039874, 1751543778.1357708, 1751543778.22876, 1751543778.3161278, 1751543778.408606, 1751543778.4989471, 1751543778.590316, 1751543778.684489, 1751543778.7806501, 1751543778.8766663, 1751543778.9759383, 1751543779.0720277, 1751543779.1683292, 1751543779.2654366, 1751543779.3623753, 1751543779.460524, 1751543779.5577338, 1751543779.6535583, 1751543779.753552, 1751543779.8488936, 1751543779.9482553, 1751543780.0499747, 1751543780.150815]"
1591,132,1459,"[1751543780.5550172, 1751543780.658498, 1751543780.6594164, 1751543780.9013913, 1751543780.990349, 1751543781.0792224, 1751543781.164135, 1751543781.252885, 1751543781.3438537, 1751543781.4370635, 1751543781.5272064, 1751543781.61851, 1751543781.7104998, 1751543781.8019848, 1751543781.892335, 1751543781.983893, 1751543782.0755765, 1751543782.1659484, 1751543782.2563055, 1751543782.3475018, 1751543782.4382658, 1751543782.5301213, 1751543782.6204655, 1751543782.7110689, 1751543782.8021426, 1751543782.8942313, 1751543782.98553, 1751543783.0758507, 1751543783.165931, 1751543783.2579613]"
2287,136,2151,"[1751543783.6326988, 1751543783.7300138, 1751543783.7311382, 1751543784.1001618, 1751543784.1879368, 1751543784.2791245, 1751543784.3698192, 1751543784.461024, 1751543784.5523512, 1751543784.6434908, 1751543784.735462, 1751543784.8263214, 1751543784.917845, 1751543785.0084946, 1751543785.098943, 1751543785.1897333, 1751543785.2790482, 1751543785.3714187, 1751543785.464352, 1751543785.5547113, 1751543785.6458166, 1751543785.7384598, 1751543785.8267727, 1751543785.9157958]"
2887,233,2654,"[1751543786.2934108, 1751543786.3954177, 1751543786.3966053, 1751543786.775736, 1751543786.8667817, 1751543786.9595509, 1751543787.050123, 1751543787.1413176, 1751543787.2330782, 1751543787.323695, 1751543787.4138308, 1751543787.5059054, 1751543787.5965047, 1751543787.6872754, 1751543787.7786577, 1751543787.8675652, 1751543787.956546, 1751543788.0492263, 1751543788.1422825, 1751543788.2344317, 1751543788.325258, 1751543788.416306, 1751543788.507314, 1751543788.5993438, 1751543788.7046056, 1751543788.7891884, 1751543788.8818133, 1751543788.9745312, 1751543789.0656528, 1751543789.1557744, 1751543789.2465239, 1751543789.3375154, 1751543789.4271286, 1751543789.5197563, 1751543789.6104805, 1751543789.7028692, 1751543789.7951777, 1751543789.8904853, 1751543789.98912, 1751543790.085215, 1751543790.180745, 1751543790.2761683, 1751543790.3697605, 1751543790.462504, 1751543790.5566227, 1751543790.6487525, 1751543790.743741, 1751543790.8397686, 1751543790.9355469, 1751543791.0322607, 1751543791.130279, 1751543791.2233553]"
1423,126,1297,"[1751543791.5965862, 1751543791.7028344, 1751543791.7037296, 1751543791.9376197, 1751543792.0255573, 1751543792.11508, 1751543792.2056217, 1751543792.2966747, 1751543792.3876655, 1751543792.479548, 1751543792.571261, 1751543792.6630616, 1751543792.7530432, 1751543792.8441482, 1751543792.9352574, 1751543793.025425, 1751543793.116756]"
1199,323,876,"[1751543793.4984543, 1751543793.5886195, 1751543793.5904794, 1751543793.7629466, 1751543793.8521144, 1751543793.943966, 1751543794.0358474, 1751543794.127188, 1751543794.2169452, 1751543794.309112, 1751543794.3993926, 1751543794.4907537, 1751543794.5820832, 1751543794.6724155, 1751543794.762673, 1751543794.8538375, 1751543794.9452503, 1751543795.0399847, 1751543795.133552, 1751543795.2287385, 1751543795.319461, 1751543795.4108913, 1751543795.501639, 1751543795.592407, 1751543795.6933203, 1751543795.7882648, 1751543795.879605, 1751543795.970654, 1751543796.0625849, 1751543796.155614, 1751543796.2485757, 1751543796.341249, 1751543796.43473, 1751543796.5291984, 1751543796.6216767, 1751543796.7128563, 1751543796.8053865, 1751543796.8984485, 1751543796.9931798, 1751543797.0866525, 1751543797.184421, 1751543797.2800133, 1751543797.3748367, 1751543797.4704025, 1751543797.5687523, 1751543797.663528, 1751543797.7618024, 1751543797.859141, 1751543797.9549723, 1751543798.0550466, 1751543798.1549878, 1751543798.257092, 1751543798.3564808]"
2135,573,1562,"[1751543798.7547636, 1751543798.8614557, 1751543798.8626604, 1751543799.056506, 1751543799.148378, 1751543799.239595, 1751543799.3304167, 1751543799.422221, 1751543799.512581, 1751543799.6035028, 1751543799.6938322, 1751543799.7835732, 1751543799.8743699, 1751543799.965621, 1751543800.0611885, 1751543800.148925, 1751543800.240656, 1751543800.3310304, 1751543800.4221516, 1751543800.5132797, 1751543800.604051, 1751543800.695505, 1751543800.7860887, 1751543800.8778293, 1751543800.9684658, 1751543801.059813, 1751543801.1511595, 1751543801.242241, 1751543801.3331113, 1751543801.4245875, 1751543801.5140908, 1751543801.60537, 1751543801.6965861, 1751543801.7879386, 1751543801.8825674, 1751543801.9739318, 1751543802.0676723, 1751543802.16187, 1751543802.2549326, 1751543802.3494856, 1751543802.4439538, 1751543802.5431814, 1751543802.639711, 1751543802.7359397, 1751543802.8371284, 1751543802.9345217, 1751543803.030743, 1751543803.130996, 1751543803.230411, 1751543803.333444, 1751543803.4319491, 1751543803.5285785, 1751543803.6275973, 1751543803.727659, 1751543803.8277564, 1751543803.93014, 1751543804.03008, 1751543804.1314256, 1751543804.2301512, 1751543804.3245351, 1751543804.4256723, 1751543804.526002, 1751543804.626624, 1751543804.7286887, 1751543804.830668, 1751543804.9314992, 1751543805.0326242, 1751543805.1316948, 1751543805.231906, 1751543805.3343017, 1751543805.4369056, 1751543805.538061, 1751543805.6393044, 1751543805.7406201, 1751543805.842005, 1751543805.9441836, 1751543806.044653, 1751543806.1450684, 1751543806.2471519, 1751543806.3508706, 1751543806.4502375, 1751543806.5501823, 1751543806.6513586, 1751543806.7547746, 1751543806.8552272, 1751543806.9559765, 1751543807.0555463, 1751543807.1568103, 1751543807.258567, 1751543807.3600287, 1751543807.4615746, 1751543807.5622308, 1751543807.668147, 1751543807.7732756, 1751543807.878675, 1751543807.9832551, 1751543808.0886917, 1751543808.1930287, 1751543808.2986727, 1751543808.402807, 1751543808.507996, 1751543808.6138258, 1751543808.7168736, 1751543808.824544, 1751543808.932686, 1751543809.0381765, 1751543809.14927, 1751543809.2600734, 1751543809.3678474, 1751543809.4758208, 1751543809.5850775, 1751543809.6918638, 1751543809.7960908, 1751543809.9071958, 1751543810.0189478, 1751543810.1314495, 1751543810.24191, 1751543810.3638344, 1751543810.4744241, 1751543810.581576, 1751543810.6900475, 1751543810.7991939, 1751543810.9100356, 1751543811.021003, 1751543811.1330144, 1751543811.2428508, 1751543811.3549476, 1751543811.4660037, 1751543811.5782905, 1751543811.6899447, 1751543811.801707, 1751543811.913481, 1751543812.0242813, 1751543812.1349094]"
1439,200,1239,"[1751543812.5475028, 1751543812.6638687, 1751543812.664861, 1751543812.854023, 1751543812.9443948, 1751543813.0340652, 1751543813.1270144, 1751543813.2185254, 1751543813.3086543, 1751543813.4002225, 1751543813.4906557, 1751543813.5808115, 1751543813.6725962, 1751543813.7642872, 1751543813.8546703, 1751543813.945707, 1751543814.0324385, 1751543814.1257126, 1751543814.2177467, 1751543814.3094554, 1751543814.399225, 1751543814.4915404, 1751543814.5823443, 1751543814.6731555, 1751543814.764504, 1751543814.8551311, 1751543814.946236, 1751543815.040723, 1751543815.131757, 1751543815.22082, 1751543815.3119645, 1751543815.4047377, 1751543815.4981644, 1751543815.5917492, 1751543815.6839855, 1751543815.7754638, 1751543815.8662477, 1751543815.9563854, 1751543816.0448873, 1751543816.1392913]"
1767,419,1348,"[1751543816.5108047, 1751543816.6145768, 1751543816.615519, 1751543816.815997, 1751543816.9065478, 1751543816.9982877, 1751543817.0872421, 1751543817.1787236, 1751543817.2694566, 1751543817.3604107, 1751543817.4499464, 1751543817.5427914, 1751543817.6370986, 1751543817.7241926, 1751543817.816303, 1751543817.9080944, 1751543817.999495, 1751543818.0895662, 1751543818.1803772, 1751543818.2715762, 1751543818.3627062, 1751543818.4536965, 1751543818.5435793, 1751543818.6348696, 1751543818.7245247, 1751543818.8145797, 1751543818.9067786, 1751543818.9964406, 1751543819.0871875, 1751543819.1762788, 1751543819.2696903, 1751543819.36111, 1751543819.4524453, 1751543819.5436034, 1751543819.6346028, 1751543819.725784, 1751543819.8214512, 1751543819.9144235, 1751543820.0042078, 1751543820.0948696, 1751543820.1889749, 1751543820.2833676, 1751543820.379165, 1751543820.4778957, 1751543820.5733826, 1751543820.6730168, 1751543820.7654712, 1751543820.8637726, 1751543820.96024, 1751543821.0568635, 1751543821.157501, 1751543821.2571187, 1751543821.3551602, 1751543821.4525158, 1751543821.551215, 1751543821.6542027, 1751543821.7551293, 1751543821.8557937, 1751543821.9573588, 1751543822.056773, 1751543822.158907, 1751543822.2586553, 1751543822.3595397, 1751543822.4615386, 1751543822.5639944, 1751543822.664156, 1751543822.764357, 1751543822.865443, 1751543822.9672005]"
2663,66,2597,"[1751543823.3523605, 1751543823.4461699, 1751543823.446905, 1751543823.8526134, 1751543823.9388824, 1751543824.028867, 1751543824.118838, 1751543824.2103212, 1751543824.3143578, 1751543824.403778, 1751543824.4930425, 1751543824.5824683, 1751543824.6747873, 1751543824.7627175, 1751543824.852302, 1751543824.9451082, 1751543825.039357, 1751543825.1299965, 1751543825.2216818, 1751543825.3124802, 1751543825.402065, 1751543825.4915366, 1751543825.5850322, 1751543825.6832106]"
2287,231,2056,"[1751543826.0594413, 1751543826.1789875, 1751543826.180042, 1751543826.4525654, 1751543826.5445552, 1751543826.636391, 1751543826.7258317, 1751543826.8159282, 1751543826.904097, 1751543826.9909031, 1751543827.0788994, 1751543827.1704936, 1751543827.262478, 1751543827.3536236, 1751543827.4433138, 1751543827.535179, 1751543827.6266987, 1751543827.7174256, 1751543827.8089252, 1751543827.8999338, 1751543827.991053, 1751543828.0830731, 1751543828.1724792, 1751543828.266588, 1751543828.3550594, 1751543828.446619, 1751543828.537195, 1751543828.6278234, 1751543828.7169886, 1751543828.807507, 1751543828.8989904, 1751543828.986802, 1751543829.0853753, 1751543829.181559, 1751543829.2801528, 1751543829.3742044, 1751543829.4714994, 1751543829.5663953, 1751543829.6600454, 1751543829.7550302, 1751543829.8509245, 1751543829.962845, 1751543830.0550241, 1751543830.148854, 1751543830.2419236, 1751543830.3409348, 1751543830.4370818]"
1559,297,1262,"[1751543830.841741, 1751543830.9469497, 1751543830.948144, 1751543831.1445632, 1751543831.2312894, 1751543831.3207736, 1751543831.412273, 1751543831.5032313, 1751543831.5930727, 1751543831.6847286, 1751543831.7751262, 1751543831.866265, 1751543831.956737, 1751543832.048156, 1751543832.138577, 1751543832.2298763, 1751543832.3223922, 1751543832.4122794, 1751543832.5031714, 1751543832.5937207, 1751543832.684207, 1751543832.7773337, 1751543832.8674982, 1751543832.9590275, 1751543833.0489852, 1751543833.140218, 1751543833.2316303, 1751543833.3227723, 1751543833.4162276, 1751543833.507205, 1751543833.5941782, 1751543833.6853018, 1751543833.7758296, 1751543833.8677125, 1751543833.9577494, 1751543834.0503442, 1751543834.1407294, 1751543834.231398, 1751543834.3215919, 1751543834.420067, 1751543834.514813, 1751543834.6299872, 1751543834.7246804, 1751543834.8252697, 1751543834.9206948, 1751543835.0167933, 1751543835.1171207, 1751543835.2142732, 1751543835.3103375, 1751543835.411254, 1751543835.5086312, 1751543835.6051316, 1751543835.702483, 1751543835.7967532, 1751543835.8913827, 1751543835.9885914]"
1111,95,1016,"[1751543836.3851182, 1751543836.4786108, 1751543836.479823, 1751543836.6502306, 1751543836.734794, 1751543836.8250089, 1751543836.917925, 1751543837.0090113, 1751543837.1000614, 1751543837.1928306, 1751543837.2820892, 1751543837.372612, 1751543837.4638655, 1751543837.5533738, 1751543837.6459506, 1751543837.7369418, 1751543837.8288708, 1751543837.91839, 1751543838.0096133, 1751543838.1003563, 1751543838.191218, 1751543838.2829378, 1751543838.373204, 1751543838.4642277, 1751543838.5552287, 1751543838.6484275, 1751543838.7438235, 1751543838.8376687, 1751543838.9268122, 1751543839.0197914, 1751543839.106341]"
1351,138,1213,"[1751543839.4961183, 1751543839.601298, 1751543839.602494, 1751543839.7990267, 1751543839.8854847, 1751543839.9720917, 1751543840.0609055, 1751543840.1499898, 1751543840.2393363, 1751543840.3381643, 1751543840.4294677, 1751543840.5176406, 1751543840.6047177, 1751543840.6953557, 1751543840.785336, 1751543840.8780065, 1751543840.9696743, 1751543841.0605845, 1751543841.1512027, 1751543841.2408373, 1751543841.3327637, 1751543841.426425, 1751543841.5163467, 1751543841.6072118, 1751543841.6976, 1751543841.7895374, 1751543841.8800073, 1751543841.9731042, 1751543842.063139, 1751543842.1535673, 1751543842.2434878, 1751543842.336842, 1751543842.4261954]"
